7
T=       0.000000000000 fs ( STEP 0 ) 
C       0.726427460000       0.117003230000      -0.030674460000
H       1.255384850000      -0.905245960000      -0.028677560000
C      -0.781564920000       0.061259620000      -0.030572570000
H      -1.176959720000       0.574024430000      -0.915908120000
H      -1.150633070000      -0.969432210000      -0.028767820000
H      -1.176935340000       0.577099580000       0.852987710000
O       1.351027120000       1.137528390000      -0.032653850000
7
T=       0.048377686532 fs ( STEP 1 ) 
C       0.726427460000       0.117003230000      -0.030674460000
H       1.255384850000      -0.905245960000      -0.028677560000
C      -0.781564920000       0.061259620000      -0.030572570000
H      -1.176959720000       0.574024430000      -0.915908120000
H      -1.150633070000      -0.969432210000      -0.028767820000
H      -1.176935340000       0.577099580000       0.852987710000
O       1.351027120000       1.137528390000      -0.032653850000
7
T=       0.096755373063 fs ( STEP 2 ) 
C       0.726418906764       0.116987261973      -0.030674429408
H       1.255381549866      -0.905233361772      -0.028677584122
C      -0.781564779713       0.061259212088      -0.030572569234
H      -1.176964972175       0.574028447058      -0.915914376179
H      -1.150630234687      -0.969432758382      -0.028767818991
H      -1.176940597450       0.577103619918       0.852993954549
O       1.351034126950       1.137539416665      -0.032653871352
7
T=       0.145133059595 fs ( STEP 3 ) 
C       0.726401801574       0.116955328149      -0.030674368227
H       1.255374949871      -0.905208168438      -0.028677632360
C      -0.781564499601       0.061258396208      -0.030572567702
H      -1.176975475808       0.574036480426      -0.915926887654
H      -1.150624563686      -0.969433855155      -0.028767816973
H      -1.176951111631       0.577111699003       0.853006442767
O       1.351048140102       1.137561468654      -0.032653914053
7
T=       0.193510746127 fs ( STEP 4 ) 
C       0.726376147759       0.116907434823      -0.030674276471
H       1.255365055155      -0.905170392713      -0.028677704688
C      -0.781564080592       0.061257172934      -0.030572565404
H      -1.176991227415       0.574048526172      -0.915945648287
H      -1.150616058690      -0.969435501148      -0.028767813944
H      -1.176966879059       0.577123813301       0.853025168526
O       1.351069156999       1.137594542161      -0.032653978097
7
T=       0.241888432659 fs ( STEP 5 ) 
C       0.726341952361       0.116843594930      -0.030674154163
H       1.255351871373      -0.905120050631      -0.028677801077
C      -0.781563523443       0.061255543035      -0.030572562342
H      -1.177012222162       0.574064579116      -0.915970649024
H      -1.150604724046      -0.969437696604      -0.028767809904
H      -1.176987894899       0.577139957597       0.853050122789
O       1.351097172229       1.137638628579      -0.032654063465
7
T=       0.290266119190 fs ( STEP 6 ) 
C       0.726299225721       0.116763826489      -0.030674001340
H       1.255335404848      -0.905057161009      -0.028677921490
C      -0.781562829335       0.061253507679      -0.030572558518
H      -1.177038452525       0.574084631387      -0.916001876789
H      -1.150590566068      -0.969440442802      -0.028767804851
H      -1.177014151625       0.577160123975       0.853081292503
O       1.351132177971       1.137693715765      -0.032654170136
7
T=       0.338643805722 fs ( STEP 7 ) 
C       0.726247982650       0.116668155126      -0.030673818052
H       1.255315664444      -0.904981750390      -0.028678065867
C      -0.781562000827       0.061251068859      -0.030572553932
H      -1.177069907657       0.574108669649      -0.916039310809
H      -1.150573592485      -0.969443742588      -0.028767798778
H      -1.177045638385       0.577184299012       0.853118656916
O       1.351174163585       1.137759786522      -0.032654298074
7
T=       0.387021492254 fs ( STEP 8 ) 
C       0.726188241467       0.116556613922      -0.030673604363
H       1.255292663926      -0.904893859703      -0.028678234132
C      -0.781561040841       0.061248228667      -0.030572548588
H      -1.177106575854       0.574136677606      -0.916082924505
H      -1.150553810716      -0.969447597523      -0.028767791682
H      -1.177082343477       0.577212466317       0.853162189511
O       1.351223115639       1.137836819182      -0.032654447238
7
T=       0.435399178785 fs ( STEP 9 ) 
C       0.726120022273       0.116429240042      -0.030673360340
H       1.255266421507      -0.904793536891      -0.028678426221
C      -0.781559952041       0.061244989587      -0.030572542492
H      -1.177148444241       0.574168638537      -0.916132688932
H      -1.150531229624      -0.969452008510      -0.028767783564
H      -1.177124254019       0.577244609074       0.853211861393
O       1.351279018833       1.137924789171      -0.032654617582
7
T=       0.483776865317 fs ( STEP 10 ) 
C       0.726043349364       0.116286078463      -0.030673086072
H       1.255236957184      -0.904680833566      -0.028678642001
C      -0.781558736584       0.061241354764      -0.030572535649
H      -1.177195498397       0.574204533110      -0.916188571827
H      -1.150505862547      -0.969456978719      -0.028767774415
H      -1.177171355565       0.577280707816       0.853267640339
O       1.351341854307       1.138023666259      -0.032654809045
7
T=       0.532154551849 fs ( STEP 11 ) 
C       0.725958249233       0.116127177882      -0.030672781668
H       1.255204293776      -0.904555806233      -0.028678881302
C      -0.781557396458       0.061237327968      -0.030572528059
H      -1.177247723912       0.574244338058      -0.916250534650
H      -1.150477728024      -0.969462511555      -0.028767764231
H      -1.177223633722       0.577320739147       0.853329487893
O       1.351411601583       1.138133417774      -0.032655021562
7
T=       0.580532238381 fs ( STEP 12 ) 
C       0.725864751741       0.115952593249      -0.030672447215
H       1.255168455751      -0.904418517022      -0.028679144129
C      -0.781555934611       0.061232913541      -0.030572519736
H      -1.177305104510       0.574288026947      -0.916318532482
H      -1.150446843279      -0.969468609196      -0.028767753017
H      -1.177281072203       0.577364676519       0.853397359260
O       1.351488237949       1.138254006593      -0.032655255064
7
T=       0.628909924912 fs ( STEP 13 ) 
C       0.725762890361       0.115762384320      -0.030672082825
H       1.255129471177      -0.904269035761      -0.028679430303
C      -0.781554355480       0.061228116406      -0.030572510696
H      -1.177367620279       0.574335569360      -0.916392514584
H      -1.150413222817      -0.969475273585      -0.028767740756
H      -1.177343651086       0.577412489301       0.853471203798
O       1.351571738244       1.138385392531      -0.032655509474
7
T=       0.677287611444 fs ( STEP 14 ) 
C       0.725652701828       0.115556617671      -0.030671688653
H       1.255087372260      -0.904107438973      -0.028679739535
C      -0.781552663334       0.061222942841      -0.030572500939
H      -1.177435249987       0.574386930326      -0.916472425015
H      -1.150376883876      -0.969482509287      -0.028767727425
H      -1.177411349149       0.577464142285       0.853550965647
O       1.351662074478       1.138527530427      -0.032655784701
7
T=       0.725665297976 fs ( STEP 15 ) 
C       0.725534224831       0.115335363521      -0.030671264816
H       1.255042195949      -0.903933808848      -0.028680071881
C      -0.781550861893       0.061217399269      -0.030572490469
H      -1.177507972608       0.574442072239      -0.916558202827
H      -1.150337848489      -0.969490319626      -0.028767713034
H      -1.177484145330       0.577519597689       0.853636583933
O       1.351759216808       1.138680372880      -0.032656080654
7
T=       0.774042984507 fs ( STEP 16 ) 
C       0.725407501578       0.115098697751      -0.030670811465
H       1.254993981855      -0.903748234480      -0.028680427040
C      -0.781548955831       0.061211492841      -0.030572479313
H      -1.177585762424       0.574500954536      -0.916649780578
H      -1.150296141642      -0.969498708898      -0.028767697541
H      -1.177562013986       0.577578814641       0.853727991451
O       1.351863132902       1.138843868573      -0.032656397235
7
T=       0.822420671039 fs ( STEP 17 ) 
C       0.725272577927       0.114846702262      -0.030670328762
H       1.254942771945      -0.903550813889      -0.028680804833
C      -0.781546949965       0.061205231325      -0.030572467472
H      -1.177668593068       0.574563535159      -0.916747087256
H      -1.150251787719      -0.969507681748      -0.028767680925
H      -1.177644928642       0.577641750800       0.853825117153
O       1.351973787513       1.139017961977      -0.032656734332
7
T=       0.870798357571 fs ( STEP 18 ) 
C       0.725129504444       0.114579466104      -0.030669816886
H       1.254888611266      -0.903341655438      -0.028681205037
C      -0.781544848520       0.061198622297      -0.030572454963
H      -1.177756441708       0.574629771860      -0.916850049876
H      -1.150204808524      -0.969517242009      -0.028767663198
H      -1.177732866571       0.577708363765       0.853927888350
O       1.352091141518       1.139202592956      -0.032657091832
7
T=       0.919176044103 fs ( STEP 19 ) 
C       0.724978333541       0.114297083185      -0.030669276001
H       1.254831546050      -0.903120874467      -0.028681627502
C      -0.781542655978       0.061191673747      -0.030572441807
H      -1.177849285135       0.574699620244      -0.916958591472
H      -1.150155227356      -0.969527394710      -0.028767644329
H      -1.177825804511       0.577778608746       0.854036228186
O       1.352215154566       1.139397698217      -0.032657469612
7
T=       0.967553730634 fs ( STEP 20 ) 
C       0.724819121771       0.113999652319      -0.030668706314
H       1.254771625287      -0.902888591885      -0.028682071915
C      -0.781540377500       0.061184394116      -0.030572427987
H      -1.177947095952       0.574773031849      -0.917072629416
H      -1.150103070688      -0.969538145184      -0.028767624321
H      -1.177923714856       0.577852436932       0.854150053886
O       1.352345783190       1.139603211325      -0.032657867540
7
T=       1.015931417166 fs ( STEP 21 ) 
C       0.724651929609       0.113687279437      -0.030668108020
H       1.254708901644      -0.902644939523      -0.028682538057
C      -0.781538019236       0.061176792705      -0.030572413542
H      -1.178049842142       0.574849955142      -0.917192075167
H      -1.150048367157      -0.969549499673      -0.028767603222
H      -1.178026565807       0.577929796626       0.854269277403
O       1.352482981077       1.139819060977      -0.032658285485
7
T=       1.064309103698 fs ( STEP 22 ) 
C       0.724476820674       0.113360074421      -0.030667481337
H       1.254643434209      -0.902390061876      -0.028683025618
C      -0.781535588863       0.061168879087      -0.030572398440
H      -1.178157487503       0.574930336165      -0.917316834746
H      -1.149991144707      -0.969561464916      -0.028767580999
H      -1.178134320849       0.578010633274       0.854393804372
O       1.352626699688       1.140045173863      -0.032658723300
7
T=       1.112686790229 fs ( STEP 23 ) 
C       0.724293863265       0.113018155653      -0.030666826484
H       1.254575282331      -0.902124114021      -0.028683534358
C      -0.781533096394       0.061160663380      -0.030572382734
H      -1.178269991043       0.575014114840      -0.917446807448
H      -1.149931429884      -0.969574047791      -0.028767557648
H      -1.178246939154       0.578094886609       0.854523534633
O       1.352776888046       1.140281471303      -0.032659180835
7
T=       1.161064476761 fs ( STEP 24 ) 
C       0.724103128008       0.112661644135      -0.030666143726
H       1.254504507377      -0.901847252706      -0.028684063846
C      -0.781530552572       0.061152156641      -0.030572366425
H      -1.178387309121       0.575101226993      -0.917581888600
H      -1.149869251979      -0.969587256392      -0.028767533187
H      -1.178364377096       0.578182492144       0.854658363748
O       1.352933493678       1.140527872650      -0.032659657928
7
T=       1.209442163293 fs ( STEP 25 ) 
C       0.723904688425       0.112290668164      -0.030665433246
H       1.254431170018      -0.901559637398      -0.028684614046
C      -0.781527967113       0.061143369466      -0.030572349545
H      -1.178509400034       0.575191610739      -0.917721973368
H      -1.149804642784      -0.969601098392      -0.028767507586
H      -1.178486592675       0.578273387524       0.854798186854
O       1.353096461595       1.140784291996      -0.032660154422
7
T=       1.257819849825 fs ( STEP 26 ) 
C       0.723698619181       0.111905357274      -0.030664695418
H       1.254355332844      -0.901261432238      -0.028685184097
C      -0.781525348886       0.061134312233      -0.030572332083
H      -1.178636223635       0.575285206287      -0.917866956281
H      -1.149737634840      -0.969615581256      -0.028767480825
H      -1.178613546231       0.578367512671       0.854942899010
O       1.353265735480       1.141050642669      -0.032660670132
7
T=       1.306197536356 fs ( STEP 27 ) 
C       0.723485000182       0.111505850342      -0.030663930394
H       1.254277058864      -0.900952815413      -0.028685774197
C      -0.781522707849       0.061124995665      -0.030572314087
H      -1.178767739078       0.575381950805      -0.918016728952
H      -1.149668260545      -0.969630713356      -0.028767452837
H      -1.178745196522       0.578464804126       0.855092391601
O       1.353441255726       1.141326832076      -0.032661204885
7
T=       1.354575222888 fs ( STEP 28 ) 
C       0.723263912220       0.111092290629      -0.030663138443
H       1.254196419029      -0.900633975351      -0.028686384248
C      -0.781520053939       0.061115430934      -0.030572295536
H      -1.178903904128       0.575481777699      -0.918171178979
H      -1.149596555994      -0.969646503140      -0.028767423658
H      -1.178881501084       0.578565194824       0.855246552175
O       1.353622961611       1.141612765108      -0.032661758498
7
T=       1.402952909420 fs ( STEP 29 ) 
C       0.723035435938       0.110664825527      -0.030662319993
H       1.254113490870      -0.900305105091      -0.028687012394
C      -0.781517397212       0.061105629261      -0.030572276452
H      -1.179044671734       0.575584617296      -0.918330188596
H      -1.149522561400      -0.969662956753      -0.028767393291
H      -1.179022413157       0.578668614881       0.855405263493
O       1.353810791881       1.141908344033      -0.032662330780
7
T=       1.451330595951 fs ( STEP 30 ) 
C       0.722799654754       0.110223605589      -0.030661475359
H       1.254028357275      -0.899966407728      -0.028687658823
C      -0.781514748385       0.061095602573      -0.030572256865
H      -1.179189989493       0.575690395180      -0.918493633296
H      -1.149446320214      -0.969680081402      -0.028767361685
H      -1.179167880844       0.578774989468       0.855568401933
O       1.354004682909       1.142213469530      -0.032662921521
7
T=       1.499708282483 fs ( STEP 31 ) 
C       0.722556654938       0.109768785634      -0.030660604642
H       1.253941105444      -0.899618098975      -0.028688324482
C      -0.781512118376       0.061085363954      -0.030572236864
H      -1.179339804268       0.575799031488      -0.918661381761
H      -1.149367878455      -0.969697886567      -0.028767328800
H      -1.179317850899       0.578884238335       0.855735836486
O       1.354204568828       1.142528039831      -0.032663530541
7
T=       1.548085969015 fs ( STEP 32 ) 
C       0.722306524973       0.109300526047      -0.030659707954
H       1.253851824978      -0.899260399597      -0.028689009071
C      -0.781509519257       0.061074926425      -0.030572216523
H      -1.179494061251       0.575910441832      -0.918833296832
H      -1.149287281634      -0.969716378775      -0.028767294720
H      -1.179472267193       0.578996276598       0.855907429283
O       1.354410382513       1.142851949739      -0.032664157667
7
T=       1.596463655547 fs ( STEP 33 ) 
C       0.722049352451       0.108818990559      -0.030658785647
H       1.253760606910      -0.898893529397      -0.028689712635
C      -0.781506964204       0.061064302973      -0.030572195694
H      -1.179652702350       0.576024540453      -0.919009239322
H      -1.149204576216      -0.969735562297      -0.028767259392
H      -1.179631071433       0.579111017308       0.856083040190
O       1.354622057959       1.143185091591      -0.032664802690
7
T=       1.644841342078 fs ( STEP 34 ) 
C       0.721785228601       0.108324347959      -0.030657838133
H       1.253667546268      -0.898517720999      -0.028690435038
C      -0.781504462230       0.061053506402      -0.030572174315
H      -1.179815677070       0.576141246493      -0.919189074465
H      -1.149119814505      -0.969755442646      -0.028767222794
H      -1.179794213461       0.579228379347       0.856262535145
O       1.354839524414       1.143527354272      -0.032665465398
7
T=       1.693219028610 fs ( STEP 35 ) 
C       0.721514246360       0.107816768248      -0.030656865846
H       1.253572742018      -0.898133224950      -0.028691175296
C      -0.781502019040       0.061042549392      -0.030572152424
H      -1.179982942243       0.576260483792      -0.919372671062
H      -1.149033053658      -0.969776026810      -0.028767184950
H      -1.179961650531       0.579348286569       0.856445783723
O       1.355062708348       1.143878626465      -0.032666145549
7
T=       1.741596715142 fs ( STEP 36 ) 
C       0.721236497751       0.107296427598      -0.030655869036
H       1.253476293471      -0.897740277755      -0.028691932969
C      -0.781499644593       0.061031444468      -0.030572130174
H      -1.180154448314       0.576382171147      -0.919559891470
H      -1.148944348156      -0.969797320757      -0.028767145985
H      -1.180133332670       0.579470657696       0.856632648818
O       1.355291539060       1.144238792026      -0.032666842893
7
T=       1.789974401673 fs ( STEP 37 ) 
C       0.720952077303       0.106763504576      -0.030654847766
H       1.253378303287      -0.897339122390      -0.028692708424
C      -0.781497352005       0.061020205184      -0.030572107679
H      -1.180330137542       0.576506220336      -0.919750590310
H      -1.148853749194      -0.969819330259      -0.028767105656
H      -1.180309201574       0.579595403328       0.856822984561
O       1.355525944882       1.144607733592      -0.032667557257
7
T=       1.838352088205 fs ( STEP 38 ) 
C       0.720661085567       0.106218180231      -0.030653802235
H       1.253278880478      -0.896930033501      -0.028693501793
C      -0.781495153124       0.061008846373      -0.030572085104
H      -1.180509951810       0.576632541145      -0.919944620015
H      -1.148761309146      -0.969842063246      -0.028767064081
H      -1.180489199239       0.579722433168       0.857016644449
O       1.355765848341       1.144985333286      -0.032668288421
7
T=       1.886729774737 fs ( STEP 39 ) 
C       0.720363619276       0.105660638618      -0.030652733132
H       1.253178136062      -0.896513264422      -0.028694310043
C      -0.781493062691       0.060997382238      -0.030572062309
H      -1.180693828413       0.576761041493      -0.920141829549
H      -1.148667082484      -0.969865527748      -0.028767021168
H      -1.180673262744       0.579851653776       0.857213476866
O       1.356011176407       1.145371470433      -0.032669036132
7
T=       1.935107461269 fs ( STEP 40 ) 
C       0.720059782302       0.105091067210      -0.030651641677
H       1.253076181896      -0.896089092907      -0.028695127720
C      -0.781491098226       0.060985828977      -0.030572039080
H      -1.180881692489       0.576891619722      -0.920342055239
H      -1.148571126270      -0.969889731437      -0.028766976904
H      -1.180861318811       0.579982962926       0.857413319139
O       1.356261851474       1.145766022962      -0.032669800043
7
T=       1.983485147800 fs ( STEP 41 ) 
C       0.719749680662       0.104509657449      -0.030650527959
H       1.252973133092      -0.895657805327      -0.028695956248
C      -0.781489277884       0.060974202515      -0.030572015676
H      -1.181073468282       0.577024171821      -0.920545127537
H      -1.148473497061      -0.969914680550      -0.028766931247
H      -1.181053292533       0.580116256635       0.857616003983
O       1.356517794403       1.146168866740      -0.032670579948
7
T=       2.031862834332 fs ( STEP 42 ) 
C       0.719433419875       0.103916607033      -0.030649391529
H       1.252869106467      -0.895219692477      -0.028696800442
C      -0.781487616246       0.060962517319      -0.030571992212
H      -1.181269094897       0.577158604172      -0.920750888675
H      -1.148374249160      -0.969940383745      -0.028766884323
H      -1.181249121017       0.580251441473       0.857821372616
O       1.356778925190       1.146579873145      -0.032671375723
7
T=       2.080240520864 fs ( STEP 43 ) 
C       0.719111109314       0.103312115281      -0.030648233746
H       1.252764222651      -0.894775070656      -0.028697654403
C      -0.781486123002       0.060950786848      -0.030571968280
H      -1.181468522735       0.577294832782      -0.920959191672
H      -1.148273437668      -0.969966848570      -0.028766836303
H      -1.181448755082       0.580388433033       0.858029277324
O       1.357045158653       1.146998913456      -0.032672186968
7
T=       2.128618207395 fs ( STEP 44 ) 
C       0.718782856426       0.102696387224      -0.030647054520
H       1.252658608438      -0.894324247213      -0.028698518776
C      -0.781484809195       0.060939023925      -0.030571944762
H      -1.181671697170       0.577432770564      -0.921169880478
H      -1.148171120045      -0.969994078489      -0.028766786828
H      -1.181652144573       0.580527145017       0.858239570408
O       1.357316411452       1.147425854635      -0.032673013597
7
T=       2.176995893927 fs ( STEP 45 ) 
C       0.718448771070       0.102069625428      -0.030645854484
H       1.252552402599      -0.893867553949      -0.028699398287
C      -0.781483688048       0.060927243153      -0.030571920316
H      -1.181878557385       0.577572323488      -0.921382796795
H      -1.148067356442      -0.970022080495      -0.028766735935
H      -1.181859222629       0.580667479366       0.858452082205
O       1.357592598046       1.147860567097      -0.032673855126
7
T=       2.225373580459 fs ( STEP 46 ) 
C       0.718108964486       0.101432038689      -0.030644634472
H       1.252445751377      -0.893405332119      -0.028700284656
C      -0.781482774759       0.060915459734      -0.030571895819
H      -1.182089032664       0.577713391231      -0.921597768240
H      -1.147962204154      -0.970050864170      -0.028766683704
H      -1.182069924048       0.580809337292       0.858666649565
O       1.357873632170       1.148302917336      -0.032674711369
7
T=       2.273751266991 fs ( STEP 47 ) 
C       0.717763547587       0.100783836740      -0.030643393408
H       1.252338800419      -0.892937921686      -0.028701186591
C      -0.781482086208       0.060903688845      -0.030571871892
H      -1.182303054596       0.577855871709      -0.921814625191
H      -1.147855720018      -0.970080439752      -0.028766630581
H      -1.182284176909       0.580952619483       0.858883103410
O       1.358159428800       1.148752771260      -0.032675582124
7
T=       2.322128953522 fs ( STEP 48 ) 
C       0.717412638247       0.100125228886      -0.030642134083
H       1.252231692844      -0.892465682242      -0.028702091763
C      -0.781481641743       0.060891943195      -0.030571844592
H      -1.182520553437       0.577999674004      -0.922033215513
H      -1.147747953153      -0.970110782056      -0.028766577593
H      -1.182501904380       0.581097215307       0.859101261800
O       1.358449898815       1.149209995971      -0.032676467092
7
T=       2.370506640054 fs ( STEP 49 ) 
C       0.717056351053       0.099456423698      -0.030640855929
H       1.252124563098      -0.891988941231      -0.028703005359
C      -0.781481466437       0.060880241070      -0.030571813882
H      -1.182741440157       0.578144677918      -0.922253353217
H      -1.147638968140      -0.970141899723      -0.028766524491
H      -1.182723009429       0.581243005284       0.859320931387
O       1.358744958895       1.149674457437      -0.032677365952
7
T=       2.418884326586 fs ( STEP 50 ) 
C       0.716694805061       0.098777633302      -0.030639560326
H       1.252017536659      -0.891508033796      -0.028703920179
C      -0.781481582558       0.060868599179      -0.030571780132
H      -1.182965629579       0.578290773803      -0.922474855019
H      -1.147528823919      -0.970173793220      -0.028766471410
H      -1.182947413770       0.581389877114       0.859541936792
O       1.359044521891       1.150146019001      -0.032678278333
7
T=       2.467262013117 fs ( STEP 51 ) 
C       0.716328117038       0.098089069057      -0.030638246871
H       1.251910744150      -0.891023319116      -0.028704835589
C      -0.781482003132       0.060857032281      -0.030571744209
H      -1.183193066901       0.578437868818      -0.922697559550
H      -1.147417582075      -0.970206467568      -0.028766418566
H      -1.183175060891       0.581537741351       0.859764119234
O       1.359348498564       1.150624545343      -0.032679204075
7
T=       2.515639699649 fs ( STEP 52 ) 
C       0.715956401816       0.097390949318      -0.030636914005
H       1.251804319025      -0.890535149291      -0.028705772297
C      -0.781482738264       0.060845553003      -0.030571705097
H      -1.183423710914       0.578585883499      -0.922921326090
H      -1.147305306800      -0.970239927184      -0.028766366162
H      -1.183405901312       0.581686512902       0.859987325058
O       1.359656800217       1.151109895893      -0.032680142980
7
T=       2.564017386181 fs ( STEP 53 ) 
C       0.715579771047       0.096683490279      -0.030635563483
H       1.251698410325      -0.890043881567      -0.028706706849
C      -0.781483801975       0.060834175412      -0.030571663988
H      -1.183657497816       0.578734720259      -0.923145989272
H      -1.147192068471      -0.970274174458      -0.028766313894
H      -1.183639875179       0.581836097605       0.860211397793
O       1.359969340816       1.151601932531      -0.032681094893
7
T=       2.612395072713 fs ( STEP 54 ) 
C       0.715198338117       0.095966908537      -0.030634198243
H       1.251593187553      -0.889549901050      -0.028707621586
C      -0.781485211872       0.060822915997      -0.030571619912
H      -1.183894344098       0.578884269952      -0.923371369572
H      -1.147077941756      -0.970309215796      -0.028766261915
H      -1.183876902738       0.581986381718       0.860436157328
O       1.360286032199       1.152100518988      -0.032682059403
7
T=       2.660772759244 fs ( STEP 55 ) 
C       0.714812217067       0.095241420614      -0.030632818530
H       1.251488829723      -0.889053610081      -0.028708529992
C      -0.781486985047       0.060811791354      -0.030571572564
H      -1.184134166204       0.579034418218      -0.923597282957
H      -1.146963002666      -0.970345057101      -0.028766210079
H      -1.184116905374       0.582137250881       0.860661424921
O       1.360606784879       1.152605520388      -0.032683036046
7
T=       2.709150445776 fs ( STEP 56 ) 
C       0.714421522267       0.094507249620      -0.030631421408
H       1.251385522773      -0.888555429489      -0.028709453540
C      -0.781489136677       0.060800816991      -0.030571524012
H      -1.184376885937       0.579185048021      -0.923823541112
H      -1.146847328349      -0.970381700971      -0.028766157740
H      -1.184359808912       0.582288594736       0.860887026002
O       1.360931507943       1.153116798604      -0.032684025030
7
T=       2.757528132308 fs ( STEP 57 ) 
C       0.714026367855       0.093764618786      -0.030630008194
H       1.251283452713      -0.888055776511      -0.028710382795
C      -0.781491684757       0.060790008572      -0.030571473152
H      -1.184622424546       0.579336044071      -0.924049962670
H      -1.146730996260      -0.970419153964      -0.028766106787
H      -1.184605523909       0.582440295801       0.861112765408
O       1.361260111778       1.153634215660      -0.032685025798
7
T=       2.805905818839 fs ( STEP 58 ) 
C       0.713626872697       0.093013755450      -0.030628578960
H       1.251182794600      -0.887555067382      -0.028711314152
C      -0.781494650744       0.060779382281      -0.030571418680
H      -1.184870696512       0.579487284167      -0.924276360718
H      -1.146614086909      -0.970457411813      -0.028766057643
H      -1.184853954748       0.582592223275       0.861338437197
O       1.361592505895       1.154157630639      -0.032686038280
7
T=       2.854283505371 fs ( STEP 59 ) 
C       0.713223156635       0.092254886208      -0.030627132340
H       1.251083714419      -0.887053714980      -0.028712257182
C      -0.781498055206       0.060768953265      -0.030571362882
H      -1.185121614184       0.579638648649      -0.924502534734
H      -1.146496679391      -0.970496466922      -0.028766008177
H      -1.185105022374       0.582744261742       0.861563858996
O       1.361928599791       1.154686902404      -0.032687062459
7
T=       2.902661191903 fs ( STEP 60 ) 
C       0.712815336011       0.091488243314      -0.030625672576
H       1.250986370532      -0.886552133643      -0.028713202540
C      -0.781501908382       0.060758732852      -0.030571303935
H      -1.185375120083       0.579790049615      -0.924728324461
H      -1.146378859853      -0.970536321146      -0.028765956629
H      -1.185358675731       0.582896319672       0.861788872252
O       1.362268302429       1.155221885624      -0.032688097326
7
T=       2.951038878435 fs ( STEP 61 ) 
C       0.712403525830       0.090714061187      -0.030624199969
H       1.250890925449      -0.886050740224      -0.028714137516
C      -0.781506217077       0.060748729457      -0.030571241335
H      -1.185631179687       0.579941425318      -0.924953600075
H      -1.146260701767      -0.970576972308      -0.028765902182
H      -1.185614874278       0.583048319981       0.862013331055
O       1.362611522245       1.155762432875      -0.032689142871
7
T=       2.999416564966 fs ( STEP 62 ) 
C       0.711987841507       0.089932571565      -0.030622713569
H       1.250797537052      -0.885549943762      -0.028715067558
C      -0.781510996253       0.060738953586      -0.030571180017
H      -1.185889726599       0.580092677121      -0.925178186809
H      -1.146142276669      -0.970618417600      -0.028765844983
H      -1.185873572779       0.583200186834       0.862237110536
O       1.362958171356       1.156308398887      -0.032690198894
7
T=       3.047794251498 fs ( STEP 63 ) 
C       0.711568402382       0.089144002517      -0.030621214974
H       1.250706376870      -0.885050162534      -0.028715980460
C      -0.781516278733       0.060729421161      -0.030571117792
H      -1.186150661420       0.580243679513      -0.925401897394
H      -1.146023650652      -0.970660651191      -0.028765787832
H      -1.186134662532       0.583351795267       0.862460003260
O       1.363308165063       1.156859642262      -0.032691265161
7
T=       3.096171938030 fs ( STEP 64 ) 
C       0.711145328626       0.088348578780      -0.030619702540
H       1.250617610632      -0.884551806485      -0.028716911538
C      -0.781522102431       0.060720150549      -0.030571050698
H      -1.186413869776       0.580394301691      -0.925624547172
H      -1.145904896767      -0.970703678248      -0.028765731201
H      -1.186398005205       0.583503001440       0.862681788023
O       1.363661419857       1.157416023953      -0.032692341325
7
T=       3.144549624561 fs ( STEP 65 ) 
C       0.710718736605       0.087546526776      -0.030618182146
H       1.250531417809      -0.884055295925      -0.028717815868
C      -0.781528501618       0.060711158940      -0.030570978665
H      -1.186679236839       0.580544414717      -0.925845935825
H      -1.145786092149      -0.970747507056      -0.028765672524
H      -1.186663489509       0.583653676443       0.862902268515
O       1.364017853416       1.157977404330      -0.032693426267
7
T=       3.192927311093 fs ( STEP 66 ) 
C       0.710288740150       0.086738075314      -0.030616654855
H       1.250447977553      -0.883561041420      -0.028718684822
C      -0.781535502924       0.060702459862      -0.030570902976
H      -1.186946667637       0.580693921392      -0.926065885724
H      -1.145667302268      -0.970792147591      -0.028765610508
H      -1.186931044382       0.583803712563       0.863121286254
O       1.364377382660       1.158543640872      -0.032694520058
7
T=       3.241304997625 fs ( STEP 67 ) 
C       0.709855450712       0.085923455834      -0.030615119274
H       1.250367481885      -0.883069484346      -0.028719524513
C      -0.781543122821       0.060694063429      -0.030570820768
H      -1.187216117298       0.580842729356      -0.926284271149
H      -1.145548601445      -0.970837591613      -0.028765552231
H      -1.187200593674       0.583953026139       0.863338678926
O       1.364739921245       1.159114590620      -0.032695622757
7
T=       3.289682684157 fs ( STEP 68 ) 
C       0.709418985692       0.085102893925      -0.030613576639
H       1.250290106070      -0.882581081531      -0.028720356110
C      -0.781551377923       0.060685978864      -0.030570729573
H      -1.187487518173       0.580990760260      -0.926500943211
H      -1.145430067651      -0.970883830446      -0.028765494041
H      -1.187472073969       0.584101518694       0.863554288214
O       1.365105379127       1.159690116677      -0.032696733592
7
T=       3.338060370688 fs ( STEP 69 ) 
C       0.708979459842       0.084276618502      -0.030612020567
H       1.250216059034      -0.882096313316      -0.028721194114
C      -0.781560278973       0.060678221840      -0.030570636831
H      -1.187760794757       0.581137908900      -0.926715707486
H      -1.145311801745      -0.970930898698      -0.028765441079
H      -1.187745428340       0.584249104350       0.863767969864
O       1.365473663076       1.160270079908      -0.032697853690
7
T=       3.386438057220 fs ( STEP 70 ) 
C       0.708536983168       0.083444857683      -0.030610447689
H       1.250145541462      -0.881615642885      -0.028722083320
C      -0.781569840244       0.060670800783      -0.030570544419
H      -1.188035889915       0.581284081856      -0.926928409066
H      -1.145193884461      -0.970978779157      -0.028765381813
H      -1.188020588411       0.584395692012       0.863979563484
O       1.365844685760       1.160854342461      -0.032698981733
7
T=       3.434815743752 fs ( STEP 71 ) 
C       0.708091678170       0.082607840213      -0.030608873610
H       1.250078745787      -0.881139565696      -0.028722912341
C      -0.781580075669       0.060663722524      -0.030570449977
H      -1.188312731087       0.581429183414      -0.927138885788
H      -1.145076391271      -0.971027425539      -0.028765322483
H      -1.188297519403       0.584541192029       0.864188936379
O       1.366218351549       1.161442767466      -0.032700116259
7
T=       3.483193430283 fs ( STEP 72 ) 
C       0.707643658850       0.081765791878      -0.030607288029
H       1.250015901741      -0.880668605810      -0.028723729628
C      -0.781590992573       0.060657000018      -0.030570348569
H      -1.188591296038       0.581573122286      -0.927347031912
H      -1.144959420138      -0.971076834633      -0.028765264598
H      -1.188576120761       0.584685481166       0.864395881079
O       1.366594564323       1.162035222026      -0.032701259146
7
T=       3.531571116815 fs ( STEP 73 ) 
C       0.707193044992       0.080918937373      -0.030605686673
H       1.249957224072      -0.880203228860      -0.028724550580
C      -0.781602621439       0.060650647965      -0.030570256368
H      -1.188871438514       0.581715742727      -0.927552553475
H      -1.144843076987      -0.971127007298      -0.028765201115
H      -1.188856308251       0.584828456641       0.864600253295
O       1.366973235669       1.162631572105      -0.032702410367
7
T=       3.579948803347 fs ( STEP 74 ) 
C       0.706739958036       0.080067493480      -0.030604080629
H       1.249902906040      -0.879743938725      -0.028725358740
C      -0.781614986060       0.060644688535      -0.030570155827
H      -1.189153044566       0.581856920913      -0.927755280336
H      -1.144727467476      -0.971177999718      -0.028765153262
H      -1.189137958871       0.584969968143       0.864801794492
O       1.367354271835       1.163231690875      -0.032703568902
7
T=       3.628326489879 fs ( STEP 75 ) 
C       0.706284503752       0.079211682807      -0.030602462064
H       1.249853186341      -0.879291245058      -0.028726210389
C      -0.781628108799       0.060639129946      -0.030570054620
H      -1.189436038895       0.581996531955      -0.927955034877
H      -1.144612657165      -0.971229735631      -0.028765098362
H      -1.189420981299       0.585109893276       0.865000334483
O       1.367737588806       1.163835447938      -0.032704733220
7
T=       3.676704176410 fs ( STEP 76 ) 
C       0.705826794812       0.078351729023      -0.030600848574
H       1.249808285863      -0.878845664409      -0.028726972928
C      -0.781642001783       0.060633976860      -0.030569951842
H      -1.189720357188       0.582134499626      -0.928151651967
H      -1.144498721872      -0.971282177428      -0.028765041340
H      -1.189705347263       0.585248159808       0.865195762855
O       1.368123096131       1.164442711410      -0.032705902284
7
T=       3.725081862942 fs ( STEP 77 ) 
C       0.705366935174       0.077487852673      -0.030599235404
H       1.249768390464      -0.878407634923      -0.028727727920
C      -0.781656667061       0.060629233685      -0.030569839411
H      -1.190005969949       0.582270788629      -0.928345040713
H      -1.144385746500      -0.971335335824      -0.028764977318
H      -1.189991042754       0.585384709257       0.865387943578
O       1.368510708206       1.165053346608      -0.032707078052
7
T=       3.773459549474 fs ( STEP 78 ) 
C       0.704905022556       0.076620272569      -0.030597609688
H       1.249733693942      -0.877977603700      -0.028728504626
C      -0.781672102715       0.060624910417      -0.030569729959
H      -1.190292859318       0.582405303670      -0.928535073512
H      -1.144273840614      -0.971389303652      -0.028764932974
H      -1.190278010434       0.585519543277       0.865576802678
O       1.368900340190       1.165667221678      -0.032708260559
7
T=       3.821837236005 fs ( STEP 79 ) 
C       0.704441162131       0.075749205706      -0.030595973338
H       1.249704399584      -0.877556003838      -0.028729317030
C      -0.781688346972       0.060621013793      -0.030569623069
H      -1.190580911672       0.582537954489      -0.928721583120
H      -1.144163059848      -0.971444004073      -0.028764881423
H      -1.190566166496       0.585652511163       0.865762170120
O       1.369291920087       1.166284206290      -0.032709449316
7
T=       3.870214922537 fs ( STEP 80 ) 
C       0.703975472564       0.074874860534      -0.030594331860
H       1.249680704165      -0.877143301269      -0.028730128284
C      -0.781705446479       0.060617560365      -0.030569512837
H      -1.190869984317       0.582668611123      -0.928904373028
H      -1.144053476720      -0.971499408303      -0.028764834893
H      -1.190855374460       0.585783456768       0.865943834538
O       1.369685368417       1.166904177102      -0.032710645239
7
T=       3.918592609069 fs ( STEP 81 ) 
C       0.703508058621       0.073997452927      -0.030592690804
H       1.249662776791      -0.876739909558      -0.028730860843
C      -0.781723439047       0.060614563962      -0.030569399123
H      -1.191159968918       0.582797168153      -0.929083283151
H      -1.143945177977      -0.971555547604      -0.028764787660
H      -1.191145504342       0.585912258225       0.866121610207
O       1.370080614718       1.167527004016      -0.032711847895
7
T=       3.966970295601 fs ( STEP 82 ) 
C       0.703039028845       0.073117199464      -0.030591052518
H       1.249650742761      -0.876346229516      -0.028731498061
C      -0.781742349404       0.060612029212      -0.030569281797
H      -1.191450827770       0.582923570029      -0.929258232538
H      -1.143838222973      -0.971612398599      -0.028764728868
H      -1.191436488947       0.586038839230       0.866295369257
O       1.370477585305       1.168152553058      -0.032713054399
7
T=       4.015347982132 fs ( STEP 83 ) 
C       0.702568494928       0.072234310642      -0.030589416893
H       1.249644729365      -0.875962669700      -0.028732089562
C      -0.781762201403       0.060609958450      -0.030569152666
H      -1.191742520933       0.583047749673      -0.929429133208
H      -1.143732674557      -0.971669906119      -0.028764672181
H      -1.191728267738       0.586163135536       0.866464977281
O       1.370876203847       1.168780694993      -0.032714264068
7
T=       4.063725668664 fs ( STEP 84 ) 
C       0.702096568466       0.071349001981      -0.030587779509
H       1.249644906516      -0.875589647959      -0.028732719139
C      -0.781783029929       0.060608364039      -0.030569007212
H      -1.192034935707       0.583169592924      -0.929595816332
H      -1.143628634755      -0.971728104256      -0.028764630977
H      -1.192020740414       0.586285062145       0.866630273716
O       1.371276395064       1.169411299769      -0.032715478013
7
T=       4.112103355196 fs ( STEP 85 ) 
C       0.701623343537       0.070461482927      -0.030586128921
H       1.249651490590      -0.875227597598      -0.028733435754
C      -0.781804865044       0.060607250195      -0.030568854160
H      -1.192327988136       0.583289011001      -0.929758150563
H      -1.143526159369      -0.971786948531      -0.028764598175
H      -1.192313802372       0.586404524362       0.866791133942
O       1.371678088903       1.170044243041      -0.032716696060
7
T=       4.160481041727 fs ( STEP 86 ) 
C       0.701148910372       0.069571964734      -0.030584474444
H       1.249664702127      -0.874876979844      -0.028734159489
C      -0.781827715422       0.060606620165      -0.030568699482
H      -1.192621603906       0.583405903073      -0.929915973725
H      -1.143425352095      -0.971846451197      -0.028764568225
H      -1.192607403021       0.586521471665       0.866947466730
O       1.372081208910       1.170679403151      -0.032717916588
7
T=       4.208858728259 fs ( STEP 87 ) 
C       0.700673363400       0.068680666993      -0.030582798082
H       1.249684801306      -0.874538333379      -0.028734965611
C      -0.781851574483       0.060606471378      -0.030568550129
H      -1.192915787903       0.583520227086      -0.930069181142
H      -1.143326318107      -0.971906588063      -0.028764538536
H      -1.192901516646       0.586635848064       0.867099156967
O       1.372485668182       1.171316655770      -0.032719142652
7
T=       4.257236414791 fs ( STEP 88 ) 
C       0.700196810737       0.067787808288      -0.030581109460
H       1.249712025347      -0.874212197249      -0.028735803519
C      -0.781876443317       0.060606803658      -0.030568398086
H      -1.193210502247       0.583631910515      -0.930217659939
H      -1.143229167524      -0.971967301708      -0.028764518573
H      -1.193196103995       0.586747572836       0.867246058011
O       1.372891373506       1.171955876937      -0.032720373508
7
T=       4.305614101323 fs ( STEP 89 ) 
C       0.699719366208       0.066893593328      -0.030579417464
H       1.249746550535      -0.873899044586      -0.028736670273
C      -0.781902343659       0.060607626572      -0.030568235327
H      -1.193505621289       0.583740836834      -0.930361235776
H      -1.143134020587      -0.972028577840      -0.028764513286
H      -1.193491052612       0.586856502860       0.867387974810
O       1.373298237221       1.172596951057      -0.032721607078
7
T=       4.353991787854 fs ( STEP 90 ) 
C       0.699241143590       0.065998229142      -0.030577732756
H       1.249788602872      -0.873599356774      -0.028737443712
C      -0.781929307209       0.060608947405      -0.030568069205
H      -1.193801015966       0.583846871251      -0.930499709365
H      -1.143040976935      -0.972090358876      -0.028764499484
H      -1.193786273834       0.586962518746       0.867524781853
O       1.373706176034       1.173239759961      -0.032722843645
7
T=       4.402369474386 fs ( STEP 91 ) 
C       0.698762224133       0.065101909959      -0.030576045414
H       1.249838387877      -0.873313586153      -0.028738108749
C      -0.781957346225       0.060610762284      -0.030567916012
H      -1.194096624576       0.583949947166      -0.930632932999
H      -1.142950104975      -0.972152600601      -0.028764485013
H      -1.194081747142       0.587065586470       0.867656425567
O       1.374115124336       1.173884192796      -0.032724084811
7
T=       4.450747160918 fs ( STEP 92 ) 
C       0.698282697742       0.064204818112      -0.030574372633
H       1.249895990006      -0.873042031660      -0.028738642534
C      -0.781986478464       0.060613075883      -0.030567755761
H      -1.194392412954       0.584050087193      -0.930760912811
H      -1.142861482575      -0.972215343753      -0.028764457263
H      -1.194377433418       0.587165630316       0.867782807372
O       1.374525022933       1.174530133923      -0.032725328310
7
T=       4.499124847449 fs ( STEP 93 ) 
C       0.697802682515       0.063307127059      -0.030572695884
H       1.249961410706      -0.872784936513      -0.028739172653
C      -0.782016762282       0.060615899827      -0.030567608395
H      -1.194688229101       0.584147132305      -0.930883443460
H      -1.142775167826      -0.972278556507      -0.028764418976
H      -1.194673241268       0.587262608079       0.867903899584
O       1.374935815213       1.175177470396      -0.032726576064
7
T=       4.547502533981 fs ( STEP 94 ) 
C       0.697322292123       0.062409021484      -0.030571028766
H       1.250034758000      -0.872542639884      -0.028739682391
C      -0.782048246629       0.060619244819      -0.030567446396
H      -1.194984008740       0.584241003204      -0.931000478698
H      -1.142691260392      -0.972342222133      -0.028764381733
H      -1.194968977892       0.587356364197       0.868019414865
O       1.375347435868       1.175826090645      -0.032727823655
7
T=       4.595880220513 fs ( STEP 95 ) 
C       0.696841602830       0.061510705190      -0.030569351415
H       1.250116293138      -0.872315640387      -0.028740180801
C      -0.782080907726       0.060623101004      -0.030567291052
H      -1.195279774304       0.584331648108      -0.931111935725
H      -1.142609850339      -0.972406341207      -0.028764357499
H      -1.195264658431       0.587446940937       0.868129356866
O       1.375759801377       1.176475881124      -0.032729074137
7
T=       4.644257907045 fs ( STEP 96 ) 
C       0.696360705106       0.060612390130      -0.030567687707
H       1.250206310439      -0.872104485513      -0.028740547266
C      -0.782114731685       0.060627455668      -0.030567119667
H      -1.195575523506       0.584419091501      -0.931217800455
H      -1.142531038072      -0.972470822209      -0.028764334549
H      -1.195560270481       0.587534219171       0.868233569220
O       1.376172820260       1.177126726953      -0.032730325996
7
T=       4.692635593576 fs ( STEP 97 ) 
C       0.695879720878       0.059714263387      -0.030566010051
H       1.250304922540      -0.871909567752      -0.028740926840
C      -0.782149764783       0.060632317839      -0.030566963595
H      -1.195871055964       0.584503148014      -0.931317736619
H      -1.142454929926      -0.972535611800      -0.028764312312
H      -1.195855719113       0.587618096259       0.868331968837
O       1.376586416722       1.177778520421      -0.032731583258
7
T=       4.741013280108 fs ( STEP 98 ) 
C       0.695398742159       0.058816492379      -0.030564342049
H       1.250412201025      -0.871731171558      -0.028741188142
C      -0.782186042036       0.060637695939      -0.030566805544
H      -1.196166324877       0.584583757786      -0.931411731467
H      -1.142381591419      -0.972600751154      -0.028764302938
H      -1.196150883077       0.587698528171       0.868424413658
O       1.377000537010       1.178431156585      -0.032732840550
7
T=       4.789390966640 fs ( STEP 99 ) 
C       0.694917848270       0.057919246232      -0.030562668898
H       1.250528239571      -0.871569555464      -0.028741575566
C      -0.782223587133       0.060643578812      -0.030566626823
H      -1.196461348660       0.584660982993      -0.931499878746
H      -1.142311044614      -0.972666182524      -0.028764293649
H      -1.196445724184       0.587775472826       0.868510834369
O       1.377415133602       1.179084528241      -0.032734098151
7
T=       4.837768653171 fs ( STEP 100 ) 
C       0.694437152006       0.057022705401      -0.030561012777
H       1.250653137568      -0.871425033987      -0.028741781713
C      -0.782262441143       0.060649976521      -0.030566458769
H      -1.196755923207       0.584734638654      -0.931581857791
H      -1.142243371728      -0.972731902883      -0.028764288236
H      -1.196740214394       0.587848908360       0.868591267102
O       1.377830136945       1.179738525022      -0.032735357492
7
T=       4.886146339703 fs ( STEP 101 ) 
C       0.693956759774       0.056127066240      -0.030559349414
H       1.250787121221      -0.871298086053      -0.028742037251
C      -0.782302610281       0.060656885842      -0.030566296748
H      -1.197050026619       0.584804653691      -0.931657566785
H      -1.142178681124      -0.972797828122      -0.028764289543
H      -1.197034255600       0.587918702468       0.868665496696
O       1.378245456846       1.180393039632      -0.032736618421
7
T=       4.934524026235 fs ( STEP 102 ) 
C       0.693476740822       0.055232514944      -0.030557673731
H       1.250930444402      -0.871189146482      -0.028742383874
C      -0.782344060736       0.060664285934      -0.030566118027
H      -1.197343802419       0.584871144625      -0.931727197096
H      -1.142117080513      -0.972863935975      -0.028764287535
H      -1.197327820224       0.587984836210       0.868733403839
O       1.378661014031       1.181047967782      -0.032737880249
7
T=       4.982901712767 fs ( STEP 103 ) 
C       0.692997206971       0.054339195360      -0.030556023293
H       1.251083037704      -0.871098349326      -0.028742538451
C      -0.782386877018       0.060672194430      -0.030565927775
H      -1.197636991227       0.584933951460      -0.931790472022
H      -1.142058594591      -0.972930201138      -0.028764288635
H      -1.197620824950       0.588047212620       0.868794941161
O       1.379076772338       1.181703211290      -0.032739142775
7
T=       5.031279399298 fs ( STEP 104 ) 
C       0.692518249092       0.053447256818      -0.030554392317
H       1.251244894374      -0.871025853028      -0.028742590721
C      -0.782431096209       0.060680610685      -0.030565718243
H      -1.197929568994       0.584993041824      -0.931847419239
H      -1.142003283725      -0.972996613082      -0.028764286007
H      -1.197913154709       0.588105793396       0.868850011536
O       1.379492686852       1.182358672308      -0.032740403073
7
T=       5.079657085830 fs ( STEP 105 ) 
C       0.692039944290       0.052556885303      -0.030552769933
H       1.251416288165      -0.870972156566      -0.028742488865
C      -0.782476679147       0.060689518819      -0.030565506357
H      -1.198221588262       0.585048404085      -0.931897976884
H      -1.141951266143      -0.973063151384      -0.028764290561
H      -1.198204853108       0.588160598659       0.868898609528
O       1.379908666551       1.183014252754      -0.032741662728
7
T=       5.128034772362 fs ( STEP 106 ) 
C       0.691562409582       0.051668249826      -0.030551171228
H       1.251597329755      -0.870937557803      -0.028742204702
C      -0.782523669419       0.060698922703      -0.030565297802
H      -1.198512824705       0.585099866206      -0.931941870159
H      -1.141902644039      -0.973129723716      -0.028764289623
H      -1.198495853985       0.588211525076       0.868940676597
O       1.380324637478       1.183669853141      -0.032742922346
7
T=       5.176412458893 fs ( STEP 107 ) 
C       0.691085719992       0.050781480340      -0.030549565252
H       1.251787974893      -0.870922182257      -0.028741883879
C      -0.782572083514       0.060708818357      -0.030565089297
H      -1.198803383585       0.585147483030      -0.931979248515
H      -1.141857460380      -0.973196358117      -0.028764289897
H      -1.198786064838       0.588258567569       0.868976105418
O       1.380740561988       1.184325385440      -0.032744181848
7
T=       5.224790145425 fs ( STEP 108 ) 
C       0.690609964402       0.049896718590      -0.030547974209
H       1.251988231659      -0.870926161420      -0.028741448556
C      -0.782621965244       0.060719208973      -0.030564892947
H      -1.199093029757       0.585191143417      -0.932009875612
H      -1.141815798039      -0.973263056253      -0.028764302513
H      -1.199075507016       0.588301713558       0.869005012978
O       1.381156397489       1.184980757031      -0.032745441939
7
T=       5.273167831957 fs ( STEP 109 ) 
C       0.690135251144       0.049014143724      -0.030546370359
H       1.252198291584      -0.870949982599      -0.028741204732
C      -0.782673306828       0.060730079182      -0.030564681130
H      -1.199381832014       0.585230831059      -0.932033811909
H      -1.141777778118      -0.973329665070      -0.028764317449
H      -1.199364030860       0.588340824577       0.869027086304
O       1.381572047286       1.185635875774      -0.032746702009
7
T=       5.321545518489 fs ( STEP 110 ) 
C       0.689661640542       0.048133905646      -0.030544780129
H       1.252418263486      -0.870993836642      -0.028740815971
C      -0.782726100273       0.060741419950      -0.030564467917
H      -1.199669745378       0.585266584256      -0.932050995642
H      -1.141743511968      -0.973396240304      -0.028764321013
H      -1.199651689523       0.588375892564       0.869042403003
O       1.381987460767       1.186290649547      -0.032747962495
7
T=       5.369923205020 fs ( STEP 111 ) 
C       0.689189247014       0.047256115332      -0.030543211971
H       1.252647946802      -0.871057713660      -0.028740284274
C      -0.782780432053       0.060753239180      -0.030564233038
H      -1.199956697336       0.585298286641      -0.932061459113
H      -1.141713003521      -0.973462672108      -0.028764326425
H      -1.199938252437       0.588406829609       0.869050776790
O       1.382402610745       1.186944994434      -0.032749217537
7
T=       5.418300891552 fs ( STEP 112 ) 
C       0.688718139237       0.046380944766      -0.030541670038
H       1.252887567536      -0.871141907984      -0.028739628449
C      -0.782836268019       0.060765512556      -0.030563995594
H      -1.200242607850       0.585325946410      -0.932065042044
H      -1.141686383616      -0.973528936312      -0.028764330679
H      -1.200223918871       0.588433712110       0.869052413780
O       1.382817421544       1.187598811272      -0.032750471766
7
T=       5.466678578084 fs ( STEP 113 ) 
C       0.688248416601       0.045508553118      -0.030540107793
H       1.253137215258      -0.871246699741      -0.028739199879
C      -0.782893639576       0.060778242398      -0.030563763921
H      -1.200527421972       0.585349419608      -0.932061646031
H      -1.141663758461      -0.973595011809      -0.028764340090
H      -1.200508458827       0.588456447558       0.869047096813
O       1.383231825225       1.188252010045      -0.032751723844
7
T=       5.515056264615 fs ( STEP 114 ) 
C       0.687780153682       0.044639053533      -0.030538568151
H       1.253396741701      -0.871372038308      -0.028738561997
C      -0.782952571908       0.060791409505      -0.030563553639
H      -1.200811065622       0.585368747554      -0.932051251695
H      -1.141645142965      -0.973660837131      -0.028764352178
H      -1.200791998508       0.588475137119       0.869035091360
O       1.383645798273       1.188904504192      -0.032752975433
7
T=       5.563433951147 fs ( STEP 115 ) 
C       0.687313451456       0.043772598290      -0.030537028640
H       1.253666204798      -0.871518118489      -0.028738059459
C      -0.783013101435       0.060805010804      -0.030563317431
H      -1.201093550782       0.585383918222      -0.932033989119
H      -1.141630639287      -0.973726347314      -0.028764371876
H      -1.201074283910       0.588489580168       0.869016011685
O       1.384059279765       1.189556203281      -0.032754224403
7
T=       5.611811637679 fs ( STEP 116 ) 
C       0.686848375256       0.042909349563      -0.030535516442
H       1.253945763557      -0.871685220021      -0.028737310072
C      -0.783075202120       0.060819025238      -0.030563091340
H      -1.201374803501       0.585394897212      -0.932009681359
H      -1.141620360223      -0.973791514645      -0.028764383034
H      -1.201355423929       0.588499834653       0.868990029408
O       1.384472200400       1.190207015771      -0.032755470346
7
T=       5.660189324211 fs ( STEP 117 ) 
C       0.686385019381       0.042049412079      -0.030533984162
H       1.254235213155      -0.871873238703      -0.028736773806
C      -0.783138936028       0.060833450997      -0.030562872009
H      -1.201654789979       0.585401665059      -0.931978383154
H      -1.141614323137      -0.973856295460      -0.028764397296
H      -1.201635317834       0.588505897156       0.868957115201
O       1.384884541503       1.190856856526      -0.032756716355
