7
T=       0.000000000000 fs ( STEP 0 ) 
C       0.000000000000       0.000000000000       0.000000000000
H       0.000000000000       0.000000000000       0.000000000000
C       0.000000000000       0.000000000000       0.000000000000
H       0.000000000000       0.000000000000       0.000000000000
H       0.000000000000       0.000000000000       0.000000000000
H       0.000000000000       0.000000000000       0.000000000000
O       0.000000000000       0.000000000000       0.000000000000
7
T=       0.048377686532 fs ( STEP 1 ) 
C      -0.000088400634      -0.000165035046       0.000000316183
H      -0.000034108022       0.000130207009      -0.000000249308
C       0.000001449910      -0.000004215909       0.000000007917
H      -0.000054283034       0.000041517669      -0.000064659757
H       0.000029303931      -0.000005667711       0.000000010430
H      -0.000054337548       0.000041753936       0.000064539561
O       0.000072419236       0.000113964369      -0.000000220680
7
T=       0.096755373063 fs ( STEP 2 ) 
C      -0.000265188644      -0.000495082078       0.000000948505
H      -0.000102321236       0.000390588771      -0.000000747861
C       0.000004344969      -0.000012648307       0.000000023754
H      -0.000162841688       0.000124545288      -0.000193970149
H       0.000087915673      -0.000017003244       0.000000031289
H      -0.000163005226       0.000125254055       0.000193609580
O       0.000217249972       0.000341879244      -0.000000662014
7
T=       0.145133059595 fs ( STEP 3 ) 
C      -0.000441928995      -0.000825040993       0.000001580656
H      -0.000170478494       0.000650806844      -0.000001246097
C       0.000007225655      -0.000021075357       0.000000039585
H      -0.000271356918       0.000207524547      -0.000323207976
H       0.000146513797      -0.000028347428       0.000000052163
H      -0.000271629456       0.000208705545       0.000322607170
O       0.000362047581       0.000569740924      -0.000001103244
7
T=       0.193510746127 fs ( STEP 4 ) 
C      -0.000618562159      -0.001154801178       0.000002212423
H      -0.000238524193       0.000910727790      -0.000001743753
C       0.000010088932      -0.000029488528       0.000000055394
H      -0.000379786182       0.000290409609      -0.000452288778
H       0.000205049492      -0.000039702694       0.000000073057
H      -0.000380167700       0.000292062272       0.000451448022
O       0.000506763866       0.000797474320      -0.000001544224
7
T=       0.241888432659 fs ( STEP 5 ) 
C      -0.000795015675      -0.001484241443       0.000002843570
H      -0.000306446103       0.001170288541      -0.000002240715
C       0.000012932171      -0.000037881675       0.000000071171
H      -0.000488087722       0.000373159783      -0.000581140876
H       0.000263474998      -0.000051073699       0.000000093978
H      -0.000488578198       0.000375283292       0.000580060568
O       0.000651343381       0.001024993250      -0.000001984788
7
T=       0.290266119190 fs ( STEP 6 ) 
C      -0.000971209232      -0.001813230612       0.000003473828
H      -0.000374211050       0.001429380467      -0.000002736697
C       0.000015736752      -0.000046242140       0.000000086923
H      -0.000596199400       0.000455690798      -0.000709643124
H       0.000321755369      -0.000062487323       0.000000114995
H      -0.000596798749       0.000458283749       0.000708323734
O       0.000795732093       0.001252208933      -0.000002424761
7
T=       0.338643805722 fs ( STEP 7 ) 
C      -0.001147060364      -0.002141613027       0.000004102892
H      -0.000441742108       0.001687775060      -0.000003231266
C       0.000018484704      -0.000054560400       0.000000102627
H      -0.000704077999       0.000537915548      -0.000837655966
H       0.000379879191      -0.000073946494       0.000000136110
H      -0.000704786206       0.000540976068       0.000836098353
O       0.000939872018       0.001479022951      -0.000002863952
7
T=       0.387021492254 fs ( STEP 8 ) 
C      -0.001322514432      -0.002469269419       0.000004730608
H      -0.000508942655       0.001945251138      -0.000003724379
C       0.000021174907      -0.000062831362       0.000000118232
H      -0.000811702555       0.000619799048      -0.000965094960
H       0.000437834721      -0.000085431140       0.000000157240
H      -0.000812519575       0.000623325192       0.000963300273
O       0.001083714990       0.001705359028      -0.000003302222
7
T=       0.435399178785 fs ( STEP 9 ) 
C      -0.001497509634      -0.002796076847       0.000005356714
H      -0.000575748299       0.002201698268      -0.000004215465
C       0.000023815282      -0.000071044150       0.000000133728
H      -0.000919045011       0.000701309926      -0.001091901346
H       0.000495560787      -0.000096957881       0.000000178454
H      -0.000919970488       0.000705299325       0.001089870514
O       0.001227204910       0.001931128692      -0.000003739392
7
T=       0.483776865317 fs ( STEP 10 ) 
C      -0.001671979901      -0.003121916128       0.000005980776
H      -0.000642111432       0.002457027966      -0.000004703417
C       0.000026412825      -0.000079185471       0.000000149173
H      -0.001026089482       0.000782380534      -0.001217975958
H       0.000552957402      -0.000108552575       0.000000199809
H      -0.001027123343       0.000786830444       0.001215710263
O       0.001370288244       0.002156248245      -0.000004175277
7
T=       0.532154551849 fs ( STEP 11 ) 
C      -0.001845867753      -0.003446684182       0.000006602807
H      -0.000707985839       0.002711131548      -0.000005189665
C       0.000028959354      -0.000087242931       0.000000164464
H      -0.001132816811       0.000862937474      -0.001343187991
H       0.000609984394      -0.000120204974       0.000000221159
H      -0.001133959120       0.000867845376       0.001340689589
O       0.001512925198       0.002380646436      -0.000004609764
7
T=       0.580532238381 fs ( STEP 12 ) 
C      -0.002019101022      -0.003770266709       0.000007222779
H      -0.000773317249       0.002963871294      -0.000005674121
C       0.000031429555      -0.000095204649       0.000000179447
H      -0.001239170123       0.000942906833      -0.001467411370
H       0.000666683458      -0.000131899958       0.000000242628
H      -0.001240420664       0.000948269344       0.001464682531
O       0.001655067371       0.002604245630      -0.000005042739
7
T=       0.628909924912 fs ( STEP 13 ) 
C      -0.002191608657      -0.004092543557       0.000007840000
H      -0.000838025712       0.003215098433      -0.000006153731
C       0.000033809777      -0.000103050615       0.000000194273
H      -0.001345098188       0.001022200385      -0.001590532165
H       0.000723054449      -0.000143662213       0.000000264497
H      -0.001346456968       0.001028012845       0.001587574746
O       0.001796660203       0.002826962734      -0.000005473977
7
T=       0.677287611444 fs ( STEP 14 ) 
C      -0.002363336761      -0.004413406575       0.000008454410
H      -0.000902019446       0.003464685236      -0.000006630927
C       0.000036107424      -0.000110765296       0.000000209062
H      -0.001450589502       0.001100743823      -0.001712444875
H       0.000779019560      -0.000155505998       0.000000286517
H      -0.001452056253       0.001107001960       0.001709260473
O       0.001937655329       0.003048723183      -0.000005903339
7
T=       0.725665297976 fs ( STEP 15 ) 
C      -0.002534228765      -0.004732759585       0.000009066045
H      -0.000965221904       0.003712501764      -0.000007105595
C       0.000038318313      -0.000118339678       0.000000223513
H      -0.001555597706       0.001178479355      -0.001833030633
H       0.000834498709      -0.000167428546       0.000000308865
H      -0.001557172819       0.001185178164       0.001829622459
O       0.002078007845       0.003269463346      -0.000006330748
7
T=       0.774042984507 fs ( STEP 16 ) 
C      -0.002704210579      -0.005050481882       0.000009674435
H      -0.001027581215       0.003958384392      -0.000007575308
C       0.000040431113      -0.000125759878       0.000000237679
H      -0.001660067606       0.001255360979      -0.001952185418
H       0.000889467610      -0.000179443500       0.000000331854
H      -0.001661750734       0.001262494347       0.001948555562
O       0.002217661902       0.003489099224      -0.000006755990
7
T=       0.822420671039 fs ( STEP 17 ) 
C      -0.002873195822      -0.005366437341       0.000010279312
H      -0.001089041214       0.004202133992      -0.000008040871
C       0.000042450472      -0.000133021492       0.000000251669
H      -0.001764029005       0.001331371274      -0.002069851952
H       0.000943959138      -0.000191546061       0.000000354941
H      -0.001765820121       0.001338934679       0.002066003083
O       0.002356547328       0.003707539659      -0.000007178899
7
T=       0.870798357571 fs ( STEP 18 ) 
C      -0.003041116761      -0.005680501860       0.000010880651
H      -0.001149557816       0.004443571548      -0.000008502562
C       0.000044379831      -0.000140122229       0.000000265257
H      -0.001867514552       0.001406486074      -0.002185968698
H       0.000997984499      -0.000203740222       0.000000378233
H      -0.001869414206       0.001414473861       0.002181905011
O       0.002494611362       0.003924704413      -0.000007599370
7
T=       0.919176044103 fs ( STEP 19 ) 
C      -0.003207911496      -0.005992574544       0.000011478140
H      -0.001209090257       0.004682567371      -0.000008959481
C       0.000046209523      -0.000147053136       0.000000278799
H      -0.001970477069       0.001480641173      -0.002300435973
H       0.001051495464      -0.000216041488       0.000000401810
H      -0.001972482553       0.001489045644       0.002296157097
O       0.002631809112       0.004140528391      -0.000008017213
7
T=       0.967553730634 fs ( STEP 20 ) 
C      -0.003373496697      -0.006302531103       0.000012071483
H      -0.001267572038       0.004918951049      -0.000009410903
C       0.000047922319      -0.000153800669       0.000000292127
H      -0.002072825527       0.001553762783      -0.002413134150
H       0.001104436850      -0.000228462384       0.000000424858
H      -0.002074936917       0.001562578643       0.002408643667
O       0.002768078949       0.004354928790      -0.000008432321
7
T=       1.015931417166 fs ( STEP 21 ) 
C      -0.003537799361      -0.006610257158       0.000012660557
H      -0.001324898807       0.005152478806      -0.000009856843
C       0.000049492209      -0.000160353145       0.000000305380
H      -0.002174468917       0.001625794110      -0.002523945928
H       0.001156793444      -0.000241017437       0.000000447752
H      -0.002176685249       0.001635013506       0.002519244953
O       0.002903368449       0.004567834567      -0.000008844574
7
T=       1.064309103698 fs ( STEP 22 ) 
C      -0.003700738604      -0.006915624040       0.000013245108
H      -0.001381001476       0.005382910377      -0.000010297115
C       0.000050879261      -0.000166702121       0.000000318411
H      -0.002275314472       0.001696646845      -0.002632745577
H       0.001208586863      -0.000253713232       0.000000471022
H      -0.002277634208       0.001706261655       0.002627835768
O       0.003037629429       0.004779169485      -0.000009253750
7
T=       1.112686790229 fs ( STEP 23 ) 
C      -0.003862242002      -0.007218516799       0.000013824670
H      -0.001435856503       0.005610119143      -0.000010730441
C       0.000052051800      -0.000172832222       0.000000330886
H      -0.002375285327       0.001766215378      -0.002739422584
H       0.001259803186      -0.000266563757       0.000000494156
H      -0.002377710298       0.001776220428       0.002734311984
O       0.003170821222       0.004988857690      -0.000009659699
7
T=       1.161064476761 fs ( STEP 24 ) 
C      -0.004022255593      -0.007518832974       0.000014399598
H      -0.001489450241       0.005834059700      -0.000011158943
C       0.000053012887      -0.000178738535       0.000000343021
H      -0.002474374118       0.001834481059      -0.002843934255
H       0.001310388205      -0.000279577242       0.000000517401
H      -0.002476901421       0.001844868243       0.002838625000
O       0.003302902348       0.005196824489      -0.000010062361
7
T=       1.209442163293 fs ( STEP 25 ) 
C      -0.004180737609      -0.007816484370       0.000014968764
H      -0.001541770010       0.006054655666      -0.000011578181
C       0.000053781875      -0.000184428083       0.000000354934
H      -0.002572616963       0.001901489173      -0.002946272349
H       0.001360308327      -0.000292747201       0.000000541171
H      -0.002575248557       0.001912250673       0.002940769629
O       0.003433833099       0.005403007627      -0.000010461473
7
T=       1.257819849825 fs ( STEP 26 ) 
C      -0.004337622080      -0.008111361644       0.000015532487
H      -0.001592791688       0.006271713558      -0.000011990565
C       0.000054356299      -0.000189899537       0.000000366465
H      -0.002670022716       0.001967229925      -0.003046400168
H       0.001409557263      -0.000306080829       0.000000565859
H      -0.002672759549       0.001978356304       0.003040707073
O       0.003563565732       0.005607338002      -0.000010856896
7
T=       1.306197536356 fs ( STEP 27 ) 
C      -0.004492845698      -0.008403322937       0.000016091871
H      -0.001642428847       0.006484982354      -0.000012403976
C       0.000054725100      -0.000195144713       0.000000377734
H      -0.002766569800       0.002031633029      -0.003144246036
H       0.001458098308      -0.000319588285       0.000000590847
H      -0.002769405408       0.002043112920       0.003138359711
O       0.003692054704       0.005809728407      -0.000011248641
7
T=       1.354575222888 fs ( STEP 28 ) 
C      -0.004646400812      -0.008692280213       0.000016644049
H      -0.001690531377       0.006694308560      -0.000012797187
C       0.000054887258      -0.000200158435       0.000000388973
H      -0.002862194082       0.002094627768      -0.003239713034
H       0.001505850694      -0.000333246578       0.000000615426
H      -0.002865129094       0.002106454128       0.003233638426
O       0.003819283037       0.006010125727      -0.000011636510
7
T=       1.402952909420 fs ( STEP 29 ) 
C      -0.004798260298      -0.008978158128       0.000017188545
H      -0.001736975930       0.006899540580      -0.000013173168
C       0.000054834716      -0.000204932911       0.000000399671
H      -0.002956790465       0.002156133298      -0.003332676073
H       0.001552738365      -0.000347042868       0.000000640506
H      -0.002959833143       0.002168299676       0.003326427748
O       0.003945220674       0.006208486445      -0.000012020243
7
T=       1.451330595951 fs ( STEP 30 ) 
C      -0.004948366015      -0.009260879941       0.000017728748
H      -0.001781662559       0.007100444086      -0.000013560883
C       0.000054558584      -0.000209448913       0.000000409163
H      -0.003050296064       0.002216044298      -0.003422995078
H       0.001598701341      -0.000361011621       0.000000666538
H      -0.003053450496       0.002228542429       0.003416585373
O       0.004069819940       0.006404768833      -0.000012399945
7
T=       1.499708282483 fs ( STEP 31 ) 
C      -0.005096665603      -0.009540343997       0.000018266729
H      -0.001824521897       0.007296836436      -0.000013955283
C       0.000054044841      -0.000213695095       0.000000416948
H      -0.003142686023       0.002274257692      -0.003510539264
H       0.001643718330      -0.000375145815       0.000000692113
H      -0.003145937420       0.002287078466       0.003503964068
O       0.004193044704       0.006598912166      -0.000012775989
7
T=       1.548085969015 fs ( STEP 32 ) 
C      -0.005243145378      -0.009816458192       0.000018799938
H      -0.001865514321       0.007488675350      -0.000014347035
C       0.000053270137      -0.000217672469       0.000000425503
H      -0.003233909112       0.002330712571      -0.003595227316
H       0.001687784707      -0.000389391597       0.000000717351
H      -0.003237241760       0.002343838547       0.003588469491
O       0.004314893506       0.006790855533      -0.000013148095
7
T=       1.596463655547 fs ( STEP 33 ) 
C      -0.005387776979      -0.010089135687       0.000019325243
H      -0.001904583729       0.007675838287      -0.000014737856
C       0.000052266109      -0.000221383287       0.000000436235
H      -0.003324009907       0.002385445416      -0.003677083988
H       0.001730830279      -0.000403738515       0.000000743376
H      -0.003327425209       0.002398861601       0.003670141001
O       0.004435328886       0.006980537744      -0.000013515849
7
T=       1.644841342078 fs ( STEP 34 ) 
C      -0.005530505171      -0.010358311681       0.000019841798
H      -0.001941648158       0.007858007501      -0.000015117099
C       0.000051109964      -0.000224830723       0.000000447212
H      -0.003413142678       0.002438555419      -0.003756191812
H       0.001772744528      -0.000418214637       0.000000769381
H      -0.003416648473       0.002452259278       0.003749078958
O       0.004554273062       0.007167921040      -0.000013878911
7
T=       1.693219028610 fs ( STEP 35 ) 
C      -0.005671321728      -0.010623909854       0.000020351300
H      -0.001976663325       0.008035142859      -0.000015481629
C       0.000049791930      -0.000228017665       0.000000456219
H      -0.003501317121       0.002490039014      -0.003832521066
H       0.001813504954      -0.000432824660       0.000000793844
H      -0.003504913459       0.002504029915       0.003825251880
O       0.004671726555       0.007352953449      -0.000014236882
7
T=       1.741596715142 fs ( STEP 36 ) 
C      -0.005810210217      -0.010885841675       0.000020857547
H      -0.002009591047       0.008207322607      -0.000015845411
C       0.000048235412      -0.000230935066       0.000000462456
H      -0.003588382611       0.002539771554      -0.003905925189
H       0.001853173191      -0.000447556012       0.000000819536
H      -0.003592059364       0.002554036546       0.003898500165
O       0.004787708620       0.007535572479      -0.000014590484
7
T=       1.789974401673 fs ( STEP 37 ) 
C      -0.005947082490      -0.011144056735       0.000021361096
H      -0.002040331064       0.008374152546      -0.000016214331
C       0.000046420870      -0.000233559074       0.000000465806
H      -0.003674250688       0.002587659891      -0.003976301601
H       0.001891771017      -0.000462428982       0.000000846508
H      -0.003678003171       0.002602185945       0.003968726683
O       0.004902149261       0.007715760237      -0.000014940027
7
T=       1.838352088205 fs ( STEP 38 ) 
C      -0.006081915749      -0.011398498321       0.000021855471
H      -0.002068796988       0.008535525642      -0.000016553280
C       0.000044331529      -0.000235882982       0.000000468906
H      -0.003758870023       0.002633664141      -0.004043591859
H       0.001929264544      -0.000477466913       0.000000873207
H      -0.003762697179       0.002648436355       0.004035872035
O       0.005015034412       0.007893482470      -0.000015284680
7
T=       1.886729774737 fs ( STEP 39 ) 
C      -0.006214675685      -0.011649100055       0.000022330111
H      -0.002094959433       0.008691409760      -0.000016804515
C       0.000041908771      -0.000237892684       0.000000475674
H      -0.003842067548       0.002677666046      -0.004107629495
H       0.001965605317      -0.000492667124       0.000000901007
H      -0.003845983544       0.002692664500       0.004099769118
O       0.005126362675       0.008068695831      -0.000015623140
7
T=       1.935107461269 fs ( STEP 40 ) 
C      -0.006345266357      -0.011895785558       0.000022791218
H      -0.002118776085       0.008841463451      -0.000017014092
C       0.000039117277      -0.000239570396       0.000000481968
H      -0.003923708385       0.002719542289      -0.004168223170
H       0.002000771810      -0.000508011081       0.000000929365
H      -0.003927738348       0.002734761393       0.004160255959
O       0.005236070928       0.008241364609      -0.000015955870
7
T=       1.983485147800 fs ( STEP 41 ) 
C      -0.006473670736      -0.012138449161       0.000023256049
H      -0.002140195652       0.008985551943      -0.000017288165
C       0.000035987453      -0.000240933993       0.000000484401
H      -0.004003936890       0.002759375952      -0.004225433921
H       0.002034792520      -0.000523508986       0.000000956852
H      -0.004008068941       0.002774817959       0.004217372780
O       0.005344134392       0.008411421070      -0.000016285191
7
T=       2.031862834332 fs ( STEP 42 ) 
C      -0.006599854129      -0.012377009457       0.000023711479
H      -0.002159161136       0.009123365895      -0.000017551019
C       0.000032606790      -0.000242008953       0.000000489854
H      -0.004083023412       0.002797373950      -0.004279494994
H       0.002067682514      -0.000539174403       0.000000981286
H      -0.004087241226       0.002813036526       0.004271321874
O       0.005450490588       0.008578817787      -0.000016609101
7
T=       2.080240520864 fs ( STEP 43 ) 
C      -0.006723796605      -0.012611390669       0.000024153791
H      -0.002175569405       0.009254734240      -0.000017759569
C       0.000029011835      -0.000242812290       0.000000490414
H      -0.004161032724       0.002833603790      -0.004330424144
H       0.002099409146      -0.000554953622       0.000001007653
H      -0.004165386825       0.002849490786       0.004322217758
O       0.005555105049       0.008743509148      -0.000016927990
7
T=       2.128618207395 fs ( STEP 44 ) 
C      -0.006845493155      -0.012841559221       0.000024590488
H      -0.002189232963       0.009379496757      -0.000018023640
C       0.000025166087      -0.000243332177       0.000000495732
H      -0.004237848883       0.002867961724      -0.004378104384
H       0.002129920225      -0.000570840906       0.000001037329
H      -0.004242323025       0.002884039657       0.004369833603
O       0.005657974078       0.008905486222      -0.000017240986
7
T=       2.176995893927 fs ( STEP 45 ) 
C      -0.006964904567      -0.013067476195       0.000025012026
H      -0.002199950812       0.009497302992      -0.000018250969
C       0.000021026599      -0.000243544009       0.000000505841
H      -0.004313305613       0.002900310942      -0.004422366928
H       0.002159217465      -0.000586899503       0.000001065817
H      -0.004317894306       0.002916554046       0.004414009721
O       0.005759067435       0.009064744139      -0.000017547051
7
T=       2.225373580459 fs ( STEP 46 ) 
C      -0.007082019953      -0.013289067543       0.000025436070
H      -0.002207651858       0.009608068607      -0.000018482729
C       0.000016555568      -0.000243441860       0.000000500471
H      -0.004387324428       0.002930568214      -0.004463094738
H       0.002187335098      -0.000603162956       0.000001088872
H      -0.004392048380       0.002947021011       0.004454752141
O       0.005858390451       0.009221236346      -0.000017849120
7
T=       2.273751266991 fs ( STEP 47 ) 
C      -0.007196770755      -0.013506327991       0.000025842381
H      -0.002212368429       0.009711604091      -0.000018677080
C       0.000011710106      -0.000243051505       0.000000529443
H      -0.004459915340       0.002958830756      -0.004500497064
H       0.002214357652      -0.000619271931       0.000001096698
H      -0.004464665049       0.002975318123       0.004491866668
O       0.005955913627       0.009374969125      -0.000018146004
7
T=       2.322128953522 fs ( STEP 48 ) 
C      -0.007309118987      -0.013719269536       0.000026225719
H      -0.002214216269       0.009808038820      -0.000018797593
C       0.000006405548      -0.000242340798       0.000000599559
H      -0.004530865278       0.002984911323      -0.004534404781
H       0.002240205085      -0.000635209905       0.000001096478
H      -0.004535484761       0.003001236947       0.004525102465
O       0.006051654561       0.009525943083      -0.000018436475
7
T=       2.370506640054 fs ( STEP 49 ) 
C      -0.007419052439      -0.013927863036       0.000026600662
H      -0.002213377700       0.009897625476      -0.000018897308
C       0.000000611704      -0.000241268417       0.000000666224
H      -0.004600014741       0.003008616366      -0.004564495924
H       0.002264775874      -0.000651242014       0.000001097435
H      -0.004604492502       0.003024760259       0.004554527338
O       0.006145633642       0.009674119389      -0.000018719793
7
T=       2.418884326586 fs ( STEP 50 ) 
C      -0.007526548573      -0.014132079674       0.000026965512
H      -0.002209892247       0.009980036093      -0.000018916057
C      -0.000005546933      -0.000239870811       0.000000720088
H      -0.004667717462       0.003030228619      -0.004591024954
H       0.002288100986      -0.000667330840       0.000001094778
H      -0.004672107068       0.003046198448       0.004580498554
O       0.006237789700       0.009819484710      -0.000018997629
7
T=       2.467262013117 fs ( STEP 51 ) 
C      -0.007631651048      -0.014331855070       0.000027350635
H      -0.002203677445       0.010055095390      -0.000019142267
C      -0.000011944619      -0.000238190139       0.000000775511
H      -0.004734427874       0.003050060024      -0.004614431814
H       0.002310126167      -0.000683517215       0.000001087768
H      -0.004738626158       0.003065832719       0.004603240652
O       0.006328106719       0.009961998609      -0.000019271774
7
T=       2.515639699649 fs ( STEP 52 ) 
C      -0.007734412749      -0.014527139253       0.000027733736
H      -0.002194542975       0.010122823335      -0.000019340111
C      -0.000018591652      -0.000236233581       0.000000829113
H      -0.004800052955       0.003068061564      -0.004634675141
H       0.002330760530      -0.000699773959       0.000001081821
H      -0.004804015254       0.003083614319       0.004622777480
O       0.006416617833       0.010101632157      -0.000019542259
7
T=       2.564017386181 fs ( STEP 53 ) 
C      -0.007834848601      -0.014717950393       0.000028068332
H      -0.002182116260       0.010182878834      -0.000019113039
C      -0.000025565591      -0.000233961235       0.000000880419
H      -0.004864155542       0.003083926438      -0.004651353899
H       0.002349895783      -0.000716121599       0.000001077435
H      -0.004867961447       0.003099247163       0.004638835604
O       0.006503328565       0.010238429798      -0.000019806884
7
T=       2.612395072713 fs ( STEP 54 ) 
C      -0.007932933903      -0.014904285101       0.000028370026
H      -0.002166087487       0.010234795808      -0.000018842818
C      -0.000032898145      -0.000231346926       0.000000944904
H      -0.004926531455       0.003097481300      -0.004664275175
H       0.002367473741      -0.000732596446       0.000001072964
H      -0.004930270838       0.003112522509       0.004651184869
O       0.006588203247       0.010372425061      -0.000020062479
7
T=       2.660772759244 fs ( STEP 55 ) 
C      -0.008028658514      -0.015086076059       0.000028699543
H      -0.002146286799       0.010278205025      -0.000018933870
C      -0.000040564212      -0.000228400811       0.000000991161
H      -0.004987235572       0.003108644612      -0.004673348108
H       0.002383468747      -0.000749159165       0.000001076683
H      -0.004991001106       0.003123475304       0.004659882550
O       0.006671213427       0.010503598754      -0.000020315430
7
T=       2.709150445776 fs ( STEP 56 ) 
C      -0.008122021417      -0.015263253926       0.000029045785
H      -0.002122641905       0.010312952538      -0.000019149355
C      -0.000048573121      -0.000225132528       0.000001027451
H      -0.005046317596       0.003117406747      -0.004678600258
H       0.002397865862      -0.000765816518       0.000001067555
H      -0.005050040323       0.003132073291       0.004664758896
O       0.006752357812       0.010631918822      -0.000020564771
7
T=       2.757528132308 fs ( STEP 57 ) 
C      -0.008212976136      -0.015435775012       0.000029377677
H      -0.002095265265       0.010339085829      -0.000019230069
C      -0.000056989772      -0.000221535091       0.000001088634
H      -0.005103701841       0.003123714339      -0.004680046097
H       0.002410630356      -0.000782497551       0.000001034539
H      -0.005107166878       0.003138105196       0.004665489682
O       0.006831640777       0.010757356432      -0.000020807638
7
T=       2.805905818839 fs ( STEP 58 ) 
C      -0.008301463729      -0.015603604543       0.000029722944
H      -0.002064363843       0.010356649955      -0.000019372431
C      -0.000065840776      -0.000217613829       0.000001139678
H      -0.005159296294       0.003127522207      -0.004677487665
H       0.002421745290      -0.000799055972       0.000001019165
H      -0.005162488128       0.003141592360       0.004662207109
O       0.006909053124       0.010879878926      -0.000021049591
7
T=       2.854283505371 fs ( STEP 59 ) 
C      -0.008387510278      -0.015766691687       0.000030038477
H      -0.002030110183       0.010365664532      -0.000019517138
C      -0.000075010184      -0.000213418936       0.000001185931
H      -0.005213390787       0.003129184854      -0.004671200462
H       0.002431152389      -0.000815555050       0.000001044010
H      -0.005216464646       0.003142940668       0.004655400939
O       0.006984589204       0.010999440673      -0.000021280937
7
T=       2.902661191903 fs ( STEP 60 ) 
C      -0.008471165783      -0.015924955609       0.000030307058
H      -0.001992540200       0.010366088465      -0.000019433897
C      -0.000084355736      -0.000209019997       0.000001256236
H      -0.005266534427       0.003129300825      -0.004661915161
H       0.002438909754      -0.000832050804       0.000001095496
H      -0.005269494483       0.003142546298       0.004645448045
O       0.007058238031       0.011115976680      -0.000021501768
7
T=       2.951038878435 fs ( STEP 61 ) 
C      -0.008552439811      -0.016078401638       0.000030582350
H      -0.001951658854       0.010357976511      -0.000019275600
C      -0.000093926259      -0.000204425506       0.000001280739
H      -0.005318635029       0.003127759177      -0.004649481821
H       0.002445168432      -0.000848495041       0.000001153899
H      -0.005321637772       0.003140571444       0.004632696568
O       0.007130032219       0.011229487609      -0.000021720432
7
T=       2.999416564966 fs ( STEP 62 ) 
C      -0.008631287552      -0.016227095410       0.000030850953
H      -0.001907372925       0.010341313957      -0.000019047460
C      -0.000103990667      -0.000199557869       0.000001276851
H      -0.005369022071       0.003123900887      -0.004633306715
H       0.002450004662      -0.000864849988       0.000001181850
H      -0.005372190060       0.003136521265       0.004616510604
O       0.007200042703       0.011340035723      -0.000021934603
7
T=       3.047794251498 fs ( STEP 63 ) 
C      -0.008707659885      -0.016371109270       0.000031120025
H      -0.001859601326       0.010316091452      -0.000019058168
C      -0.000114786168      -0.000194335840       0.000001336558
H      -0.005417199685       0.003117393491      -0.004613287598
H       0.002453402786      -0.000881198066       0.000001175976
H      -0.005420189181       0.003129692921       0.004595894497
O       0.007268314706       0.011447685342      -0.000022142762
7
T=       3.096171938030 fs ( STEP 64 ) 
C      -0.008781587526      -0.016510460249       0.000031345318
H      -0.001808261967       0.010282287974      -0.000018969571
C      -0.000126327715      -0.000188746323       0.000001437926
H      -0.005463008432       0.003108201588      -0.004589289637
H       0.002455248689      -0.000897685178       0.000001191740
H      -0.005465608369       0.003120045604       0.004570963247
O       0.007334872795       0.011552454739      -0.000022335764
7
T=       3.144549624561 fs ( STEP 65 ) 
C      -0.008853136000      -0.016645106262       0.000031498869
H      -0.001753216108       0.010239897110      -0.000018327496
C      -0.000138498699      -0.000182839330       0.000001526752
H      -0.005506648830       0.003096672471      -0.004561385462
H       0.002455620729      -0.000914361036       0.000001247410
H      -0.005509142906       0.003107952699       0.004542365117
O       0.007399721382       0.011654307998      -0.000022517954
7
T=       3.192927311093 fs ( STEP 66 ) 
C      -0.008922356101      -0.016774995438       0.000031655829
H      -0.001694334061       0.010188701131      -0.000017659429
C      -0.000151115151      -0.000176687982       0.000001631926
H      -0.005548843867       0.003083184207      -0.004530346064
H       0.002454547970      -0.000931054831       0.000001243272
H      -0.005551155955       0.003093881887       0.004510451433
O       0.007462818917       0.011753210748      -0.000022701486
7
T=       3.241304997625 fs ( STEP 67 ) 
C      -0.008989210931      -0.016900161070       0.000031814421
H      -0.001631655981       0.010128221904      -0.000017273341
C      -0.000164073561      -0.000170336769       0.000001792179
H      -0.005589875976       0.003067931619      -0.004496468501
H       0.002451901210      -0.000947573784       0.000001203720
H      -0.005591726531       0.003077928615       0.004475223913
O       0.007524093435       0.011849221069      -0.000022877627
7
T=       3.289682684157 fs ( STEP 68 ) 
C      -0.009053666403      -0.017020629240       0.000032026198
H      -0.001565007154       0.010058056715      -0.000017255904
C      -0.000177314729      -0.000163728258       0.000001901049
H      -0.005629428544       0.003050781940      -0.004459042674
H       0.002447406200      -0.000964360755       0.000001148798
H      -0.005631053337       0.003060069961       0.004436869235
O       0.007583473748       0.011942378504      -0.000023057458
7
T=       3.338060370688 fs ( STEP 69 ) 
C      -0.009115798917      -0.017136373823       0.000032338764
H      -0.001494124854       0.009978139874      -0.000017851302
C      -0.000190814420      -0.000156870677       0.000001913633
H      -0.005667610229       0.003031579405      -0.004418006373
H       0.002441034357      -0.000981327523       0.000001159921
H      -0.005669085086       0.003040382242       0.004395365932
O       0.007640987882       0.012032673204      -0.000023235318
7
T=       3.386438057220 fs ( STEP 70 ) 
C      -0.009175528379      -0.017247396567       0.000032524889
H      -0.001419179545       0.009888315145      -0.000017758462
C      -0.000204605647      -0.000149855410       0.000001931204
H      -0.005704451471       0.003010422107      -0.004373693043
H       0.002433048070      -0.000997638046       0.000001225723
H      -0.005706050688       0.003018826447       0.004350833471
O       0.007696611039       0.012120128533      -0.000023384421
7
T=       3.434815743752 fs ( STEP 71 ) 
C      -0.009232813526      -0.017353721571       0.000032656175
H      -0.001339871029       0.009787953322      -0.000017015164
C      -0.000218616584      -0.000142635646       0.000002024175
H      -0.005740312972       0.002987332082      -0.004326610842
H       0.002423269282      -0.001013437014       0.000001211458
H      -0.005741617568       0.002995070396       0.004302785279
O       0.007750252401       0.012204795736      -0.000023537842
7
T=       3.483193430283 fs ( STEP 72 ) 
C      -0.009287682430      -0.017455390708       0.000032938087
H      -0.001255968650       0.009677362667      -0.000016931760
C      -0.000233018271      -0.000135130058       0.000002001009
H      -0.005774433086       0.002961688882      -0.004275397565
H       0.002411383230      -0.001029211668       0.000001254386
H      -0.005775274587       0.002968978394       0.004251101538
O       0.007801986556       0.012286704106      -0.000023710402
7
T=       3.531571116815 fs ( STEP 73 ) 
C      -0.009340058184      -0.017552497026       0.000033149578
H      -0.001167849367       0.009556751790      -0.000016837429
C      -0.000247980925      -0.000127243403       0.000001992055
H      -0.005805863903       0.002933156245      -0.004219387621
H       0.002397310400      -0.001045575889       0.000001150691
H      -0.005806789764       0.002940270587       0.004195254486
O       0.007851837976       0.012365916340      -0.000023872118
7
T=       3.579948803347 fs ( STEP 74 ) 
C      -0.009390085645      -0.017645062099       0.000033327438
H      -0.001075265669       0.009425665709      -0.000017154704
C      -0.000263420613      -0.000119042683       0.000002085135
H      -0.005835338786       0.002902053073      -0.004159783479
H       0.002381467978      -0.001061732590       0.000001061985
H      -0.005836089825       0.002908744251       0.004134976448
O       0.007899852108       0.012442470061      -0.000024007481
7
T=       3.628326489879 fs ( STEP 75 ) 
C      -0.009437855440      -0.017733014744       0.000033404396
H      -0.000977932016       0.009283973463      -0.000016683185
C      -0.000279216777      -0.000110708838       0.000002108261
H      -0.005863370724       0.002868871305      -0.004096636896
H       0.002364164356      -0.001076712394       0.000001156754
H      -0.005864153831       0.002875206366       0.004071798297
O       0.007946063062       0.012516313015      -0.000024116301
7
T=       3.676704176410 fs ( STEP 76 ) 
C      -0.009483386291      -0.017816376284       0.000033348638
H      -0.000876394507       0.009132414121      -0.000015684196
C      -0.000295159444      -0.000102281257       0.000002224258
H      -0.005890433118       0.002834536887      -0.004030844214
H       0.002345199623      -0.001091414252       0.000001251037
H      -0.005891780856       0.002840317517       0.004006073072
O       0.007990454429       0.012587400900      -0.000024234646
7
T=       3.725081862942 fs ( STEP 77 ) 
C      -0.009526832748      -0.017895196919       0.000033475005
H      -0.000770933112       0.008971705462      -0.000015830623
C      -0.000311103470      -0.000093704808       0.000002293235
H      -0.005917006072       0.002798852772      -0.003962793310
H       0.002324225011      -0.001107186307       0.000001120005
H      -0.005918670491       0.002804841326       0.003938177390
O       0.008033084199       0.012655734034      -0.000024373590
7
T=       3.773459549474 fs ( STEP 78 ) 
C      -0.009568182250      -0.017969513343       0.000033714574
H      -0.000661367709       0.008801899662      -0.000016424002
C      -0.000327422762      -0.000084955401       0.000002235968
H      -0.005942220103       0.002761250897      -0.003891695062
H       0.002301543009      -0.001123123668       0.000000991102
H      -0.005944101337       0.002767824639       0.003867759792
O       0.008074093007       0.012721357418      -0.000024507821
7
T=       3.821837236005 fs ( STEP 79 ) 
C      -0.009607218305      -0.018039432641       0.000033877479
H      -0.000547667539       0.008622802073      -0.000016781067
C      -0.000344619243      -0.000075965309       0.000002244027
H      -0.005964785017       0.002721372923      -0.003816837290
H       0.002277536501      -0.001137969367       0.000001013693
H      -0.005967255437       0.002727636539       0.003793400293
O       0.008113536256       0.012784358994      -0.000024646481
7
T=       3.870214922537 fs ( STEP 80 ) 
C      -0.009643945141      -0.018104966404       0.000033926112
H      -0.000430185860       0.008434614578      -0.000015955833
C      -0.000362688644      -0.000066661214       0.000002314559
H      -0.005984755442       0.002679062211      -0.003738294003
H       0.002251883939      -0.001152840686       0.000000969075
H      -0.005987655549       0.002684575071       0.003714936715
O       0.008151429801       0.012844741184      -0.000024790138
7
T=       3.918592609069 fs ( STEP 81 ) 
C      -0.009678467354      -0.018166030619       0.000033893127
H      -0.000309661395       0.008238010230      -0.000014157114
C      -0.000381404405      -0.000057166358       0.000002387878
H      -0.006003216507       0.002635087830      -0.003657259531
H       0.002224721374      -0.001167793504       0.000001095808
H      -0.006006017734       0.002639465427       0.003633232014
O       0.008187833528       0.012902394120      -0.000024899494
7
T=       3.966970295601 fs ( STEP 82 ) 
C      -0.009710713346      -0.018222680860       0.000033836994
H      -0.000186526344       0.008033040776      -0.000012699232
C      -0.000400622252      -0.000047599549       0.000002547224
H      -0.006020875089       0.002589846041      -0.003574479080
H       0.002196295807      -0.001181934515       0.000001193513
H      -0.006023059775       0.002592903146       0.003548816598
O       0.008222686796       0.012957326690      -0.000024971974
7
T=       4.015347982132 fs ( STEP 83 ) 
C      -0.009740651596      -0.018274928078       0.000033827666
H      -0.000060319594       0.007819530143      -0.000012620264
C      -0.000420447194      -0.000037880828       0.000002837935
H      -0.006036956077       0.002542731089      -0.003489044419
H       0.002166166197      -0.001195857691       0.000001011742
H      -0.006038439506       0.002544798368       0.003461352564
O       0.008255973126       0.013009579426      -0.000025048884
7
T=       4.063725668664 fs ( STEP 84 ) 
C      -0.009768464126      -0.018322783105       0.000033982324
H       0.000069879581       0.007597222558      -0.000013913363
C      -0.000440943382      -0.000027990749       0.000003085157
H      -0.006051004550       0.002493518659      -0.003400507328
H       0.002134405376      -0.001209673509       0.000000764880
H      -0.006051701481       0.002494836387       0.003370941068
O       0.008287757372       0.013059202892      -0.000025135474
7
T=       4.112103355196 fs ( STEP 85 ) 
C      -0.009794371761      -0.018366290056       0.000034158983
H       0.000204594432       0.007365669652      -0.000014886509
C      -0.000461839905      -0.000018023537       0.000003180493
H      -0.006063417254       0.002442346521      -0.003308936575
H       0.002100996082      -0.001223156275       0.000000648562
H      -0.006063359470       0.002443373558       0.003278298707
O       0.008318027418       0.013106283838      -0.000025203515
7
T=       4.160481041727 fs ( STEP 86 ) 
C      -0.009818370879      -0.018405344097       0.000034425365
H       0.000344277689       0.007123782343      -0.000015811598
C      -0.000482758091      -0.000008049339       0.000003142270
H      -0.006075112411       0.002389697628      -0.003214607818
H       0.002065428049      -0.001236515639       0.000000616382
H      -0.006074228807       0.002390809889       0.003183523723
O       0.008346609117       0.013150822418      -0.000025286375
7
T=       4.208858728259 fs ( STEP 87 ) 
C      -0.009840276620      -0.018439869433       0.000034778266
H       0.000489101733       0.006870756368      -0.000016991612
C      -0.000503619527       0.000001896465       0.000003115033
H      -0.006086466544       0.002335864514      -0.003118030601
H       0.002027634899      -0.001249031522       0.000000513165
H      -0.006084426683       0.002336833230       0.003086043402
O       0.008373329253       0.013192794831      -0.000025393113
7
T=       4.257236414791 fs ( STEP 88 ) 
C      -0.009859888519      -0.018470019884       0.000034939844
H       0.000638199482       0.006607269170      -0.000017618262
C      -0.000524716865       0.000011939329       0.000003253587
H      -0.006096130551       0.002280077487      -0.003018484921
H       0.001987460895      -0.001260806229       0.000000260973
H      -0.006093056608       0.002280543067       0.002985031567
O       0.008398179998       0.013232291360      -0.000025470691
7
T=       4.305614101323 fs ( STEP 89 ) 
C      -0.009877148071      -0.018495914900       0.000034899399
H       0.000791455014       0.006333916719      -0.000016951960
C      -0.000546366475       0.000022156361       0.000003399092
H      -0.006103162031       0.002221693004      -0.002915077654
H       0.001945014348      -0.001271838075       0.000000197296
H      -0.006099607909       0.002221539774       0.002880706600
O       0.008421263870       0.013269371857      -0.000025529709
7
T=       4.353991787854 fs ( STEP 90 ) 
C      -0.009892391972      -0.018517662767       0.000034851293
H       0.000949170462       0.006050913916      -0.000014867142
C      -0.000568470403       0.000032408654       0.000003300224
H      -0.006108221877       0.002161227075      -0.002808084076
H       0.001900830989      -0.001281817818       0.000000292210
H      -0.006105030781       0.002160950899       0.002774530734
O       0.008442808802       0.013304085328      -0.000025608211
7
T=       4.402369474386 fs ( STEP 91 ) 
C      -0.009905866913      -0.018535518729       0.000034728018
H       0.001109882897       0.005760146394      -0.000012390234
C      -0.000590884547       0.000042669238       0.000003239551
H      -0.006112290913       0.002100306536      -0.002699627293
H       0.001855135838      -0.001291761618       0.000000436368
H      -0.006109837272       0.002099227809       0.002666782333
O       0.008463063843       0.013336457929      -0.000025679872
7
T=       4.450747160918 fs ( STEP 92 ) 
C      -0.009917192061      -0.018549697479       0.000034618543
H       0.001271483170       0.005463775529      -0.000010995819
C      -0.000614085351       0.000053098269       0.000003179330
H      -0.006114435892       0.002037976110      -0.002589111626
H       0.001808035503      -0.001301797540       0.000000682516
H      -0.006113294870       0.002036285970       0.002557728932
O       0.008482121986       0.013366468013      -0.000025747956
7
T=       4.499124847449 fs ( STEP 93 ) 
C      -0.009926121814      -0.018560174711       0.000034560018
H       0.001434214854       0.005161385466      -0.000010747281
C      -0.000638395198       0.000063758073       0.000003197400
H      -0.006114345571       0.001973182517      -0.002475995693
H       0.001759304701      -0.001311331623       0.000000780631
H      -0.006113815236       0.001971300149       0.002445419675
O       0.008499920045       0.013394157667      -0.000025790244
7
T=       4.547502533981 fs ( STEP 94 ) 
C      -0.009933088513      -0.018566636787       0.000034566242
H       0.001600763114       0.004850336590      -0.000010419547
C      -0.000662965180       0.000074426643       0.000003279854
H      -0.006113822763       0.001907034179      -0.002361546007
H       0.001708612982      -0.001320698742       0.000000635383
H      -0.006112499435       0.001905143379       0.002330178425
O       0.008516179903       0.013419520667      -0.000025818445
7
T=       4.595880220513 fs ( STEP 95 ) 
C      -0.009938331963      -0.018568801888       0.000034530988
H       0.001773053361       0.004528475859      -0.000008938785
C      -0.000687145879       0.000084861946       0.000003376849
H      -0.006113508192       0.001840603699      -0.002246094968
H       0.001655952690      -0.001329125931       0.000000487660
H      -0.006111211910       0.001838192226       0.002213358782
O       0.008530631070       0.013442522790      -0.000025862552
7
T=       4.644257907045 fs ( STEP 96 ) 
C      -0.009941380221      -0.018566842814       0.000034534146
H       0.001949549632       0.004196900100      -0.000007710571
C      -0.000711661325       0.000095259153       0.000003384371
H      -0.006111098968       0.001772510401      -0.002127022894
H       0.001601155656      -0.001336055966       0.000000467026
H      -0.006108815074       0.001768949015       0.002094064280
O       0.008543353399       0.013463224373      -0.000025932633
7
T=       4.692635593576 fs ( STEP 97 ) 
C      -0.009942217331      -0.018561219854       0.000034578531
H       0.002127949895       0.003858327896      -0.000006623672
C      -0.000737016957       0.000105836718       0.000003246568
H      -0.006106135003       0.001701882592      -0.002004343599
H       0.001544582465      -0.001342860256       0.000000326709
H      -0.006104183962       0.001698189924       0.001972442797
O       0.008554736795       0.013481728107      -0.000025988778
7
T=       4.741013280108 fs ( STEP 98 ) 
C      -0.009941283650      -0.018552118586       0.000034531955
H       0.002308058190       0.003514143736      -0.000006704804
C      -0.000762979336       0.000116386020       0.000003480663
H      -0.006100877676       0.001631278706      -0.001882501419
H       0.001487104107      -0.001349493261       0.000000192888
H      -0.006097904981       0.001626540848       0.001848636684
O       0.008565073475       0.013498039219      -0.000025992281
7
T=       4.789390966640 fs ( STEP 99 ) 
C      -0.009938364373      -0.018539404283       0.000034409168
H       0.002490161897       0.003164036902      -0.000006134763
C      -0.000789611001       0.000126924031       0.000003584040
H      -0.006093701174       0.001559405571      -0.001758313963
H       0.001428547971      -0.001355498155       0.000000151948
H      -0.006090941499       0.001554230887       0.001724487623
O       0.008574200166       0.013512101660      -0.000026013462
7
T=       4.837768653171 fs ( STEP 100 ) 
C      -0.009933179576      -0.018522795539       0.000034308011
H       0.002675630731       0.002805729567      -0.000004771677
C      -0.000816731369       0.000137532728       0.000003411430
H      -0.006084188818       0.001484885990      -0.001629760027
H       0.001368022111      -0.001360602446       0.000000042434
H      -0.006082674249       0.001480327535       0.001598488255
O       0.008581675807       0.013523914477      -0.000026047854
7
T=       4.886146339703 fs ( STEP 101 ) 
C      -0.009926179336      -0.018502232999       0.000034510189
H       0.002866061335       0.002437978350      -0.000006223541
C      -0.000843566523       0.000147892692       0.000003521683
H      -0.006075933493       0.001410836074      -0.001502131621
H       0.001305263058      -0.001364607339       0.000000007250
H      -0.006073107996       0.001404860998       0.001469031976
O       0.008587399949       0.013533540498      -0.000026073559
7
T=       4.934524026235 fs ( STEP 102 ) 
C      -0.009917307665      -0.018478259384       0.000034376599
H       0.003058398456       0.002064347649      -0.000005180070
C      -0.000870925657       0.000158219508       0.000003813462
H      -0.006066480751       0.001336336833      -0.001373621254
H       0.001241135544      -0.001368120572       0.000000009391
H      -0.006062395617       0.001328196538       0.001337852989
O       0.008591931029       0.013541073918      -0.000026090064
7
T=       4.982901712767 fs ( STEP 103 ) 
C      -0.009906341109      -0.018451255676       0.000033914537
H       0.003249948423       0.001687693913      -0.000002137826
C      -0.000899541488       0.000168721910       0.000004131906
H      -0.006054098669       0.001259849403      -0.001242537125
H       0.001176128883      -0.001371263447       0.000000015786
H      -0.006049632865       0.001250134043       0.001205180588
O       0.008595624142       0.013546581288      -0.000026074251
7
T=       5.031279399298 fs ( STEP 104 ) 
C      -0.009893638468      -0.018420786360       0.000033624594
H       0.003444257930       0.001304245494       0.000000512486
C      -0.000928135829       0.000179053514       0.000004355503
H      -0.006042011067       0.001182907171      -0.001111099655
H       0.001109276363      -0.001374086442      -0.000000019907
H      -0.006036131533       0.001171883641       0.001071448159
O       0.008597912312       0.013550063647      -0.000026044583
7
T=       5.079657085830 fs ( STEP 105 ) 
C      -0.009878929511      -0.018386648053       0.000033291064
H       0.003642540663       0.000912561465       0.000003989630
C      -0.000956775914       0.000189260986       0.000004345405
H      -0.006028148026       0.001104066670      -0.000976182690
H       0.001040145707      -0.001375744108      -0.000000037371
H      -0.006022397085       0.001092773214       0.000937054533
O       0.008598495361       0.013551504080      -0.000026037548
7
T=       5.128034772362 fs ( STEP 106 ) 
C      -0.009862235742      -0.018349419850       0.000033121485
H       0.003841509944       0.000516501647       0.000006252734
C      -0.000986036897       0.000199467351       0.000004310462
H      -0.006013054412       0.001024014922      -0.000839970210
H       0.000969514764      -0.001376737320       0.000000006857
H      -0.006007022772       0.001012542322       0.000800946637
O       0.008597924956       0.013551006470      -0.000026035961
7
T=       5.176412458893 fs ( STEP 107 ) 
C      -0.009843847937      -0.018309383550       0.000033042286
H       0.004040105389       0.000117785533       0.000007815036
C      -0.001015921102       0.000209665569       0.000004184312
H      -0.005996618415       0.000943381315      -0.000702859696
H       0.000897583225      -0.001378037542      -0.000000133222
H      -0.005990913086       0.000932128927       0.000664938592
O       0.008596525284       0.013548641785      -0.000026040859
7
T=       5.224790145425 fs ( STEP 108 ) 
C      -0.009823421873      -0.018266030712       0.000033020308
H       0.004240763879      -0.000287326084       0.000007019218
C      -0.001046177700       0.000219737920       0.000004218542
H      -0.005978463119       0.000861430488      -0.000563931411
H       0.000823543540      -0.001377773130      -0.000000284752
H      -0.005973477278       0.000850154422       0.000526904961
O       0.008593686037       0.013544367541      -0.000026046737
7
T=       5.273167831957 fs ( STEP 109 ) 
C      -0.009801252682      -0.018219277011       0.000033011919
H       0.004444526573      -0.000699446651       0.000006537981
C      -0.001076271278       0.000229558076       0.000004392830
H      -0.005960553944       0.000779706970      -0.000424989629
H       0.000747101361      -0.001376502900      -0.000000191203
H      -0.005955044029       0.000766665494       0.000386438742
O       0.008589324311       0.013538188878      -0.000026050815
7
T=       5.321545518489 fs ( STEP 110 ) 
C      -0.009777277478      -0.018169827024       0.000032643026
H       0.004647341059      -0.001113437500       0.000009513248
C      -0.001107175982       0.000239366532       0.000004631183
H      -0.005941430471       0.000697176602      -0.000285743350
H       0.000669467696      -0.001374673402      -0.000000092778
H      -0.005934777141       0.000682184666       0.000244849305
O       0.008584158510       0.013530190815      -0.000025998841
7
T=       5.369923205020 fs ( STEP 111 ) 
C      -0.009751409923      -0.018117452548       0.000032143852
H       0.004850418485      -0.001530368163       0.000012273445
C      -0.001138621481       0.000249005357       0.000004881625
H      -0.005920730334       0.000613528242      -0.000145174392
H       0.000590441127      -0.001371458795      -0.000000099905
H      -0.005914186782       0.000597584862       0.000103464820
O       0.008577929579       0.013520300561      -0.000025934181
7
T=       5.418300891552 fs ( STEP 112 ) 
C      -0.009723805339      -0.018061655479       0.000032082750
H       0.005056757477      -0.001953236032       0.000011207594
C      -0.001170038616       0.000258416840       0.000004848487
H      -0.005898635067       0.000528476766      -0.000001931860
H       0.000508964610      -0.001367776244      -0.000000141232
H      -0.005893278815       0.000512818542      -0.000038033833
O       0.008570216342       0.013508455082      -0.000025903548
7
T=       5.466678578084 fs ( STEP 113 ) 
C      -0.009694402758      -0.018003043943       0.000032059068
H       0.005262489812      -0.002378475910       0.000011022148
C      -0.001202040620       0.000267653856       0.000004567760
H      -0.005875206239       0.000442364518       0.000142527991
H       0.000426236287      -0.001363240253      -0.000000222196
H      -0.005871298092       0.000428141691      -0.000179033160
O       0.008561557900       0.013494784621      -0.000025876253
7
T=       5.515056264615 fs ( STEP 114 ) 
C      -0.009663185776      -0.017941689165       0.000031824099
H       0.005467288511      -0.002805205947       0.000011786634
C      -0.001234679330       0.000276660672       0.000004614631
H      -0.005851135615       0.000356555022       0.000285843679
H       0.000342298031      -0.001357397540      -0.000000328511
H      -0.005847996497       0.000342436900      -0.000321275468
O       0.008552026763       0.013479284870      -0.000025844134
7
T=       5.563433951147 fs ( STEP 115 ) 
C      -0.009630249943      -0.017877084401       0.000031540461
H       0.005674329378      -0.003236840526       0.000012939074
C      -0.001267425344       0.000285418077       0.000004778014
H      -0.005826424532       0.000270265691       0.000429643694
H       0.000256138148      -0.001350596971      -0.000000318909
H      -0.005823195169       0.000255257491      -0.000465730748
O       0.008541149719       0.013461904361      -0.000025785786
7
T=       5.611811637679 fs ( STEP 116 ) 
C      -0.009595664254      -0.017809721117       0.000031465721
H       0.005880896729      -0.003670289338       0.000013287663
C      -0.001300543722       0.000293939153       0.000004603588
H      -0.005800599795       0.000183419659       0.000574706747
H       0.000168633011      -0.001343058699      -0.000000262734
H      -0.005798478233       0.000168641667      -0.000608715382
O       0.008529363403       0.013442697836      -0.000025755175
7
T=       5.660189324211 fs ( STEP 117 ) 
C      -0.009559102174      -0.017739761634       0.000031232549
H       0.006086756904      -0.004104898071       0.000013423686
C      -0.001334537200       0.000302390902       0.000004755206
H      -0.005773357552       0.000095717310       0.000719835297
H       0.000079601270      -0.001334717571      -0.000000233098
H      -0.005771496222       0.000080676245      -0.000753778107
O       0.008516659080       0.013421755861      -0.000025708535
